14节点的导纳阵为
(6.02503,-19.4471)	(-4.99913,15.2631)	       (0,0)	       (0,0)	(-1.0259,4.23498)	       (0,0)	       (0,0)	       (0,0)	       (0,0)	       (0,0)	       (0,0)	       (0,0)	       (0,0)	       (0,0)	
(-4.99913,15.2631)	(9.52132,-30.2707)	(-1.13502,4.78186)	(-1.68603,5.11584)	(-1.70114,5.19393)	       (0,0)	       (0,0)	       (0,0)	       (0,0)	       (0,0)	       (0,0)	       (0,0)	       (0,0)	       (0,0)	
       (0,0)	(-1.13502,4.78186)	(3.12099,-9.81148)	(-1.98598,5.06882)	       (0,0)	       (0,0)	       (0,0)	       (0,0)	       (0,0)	       (0,0)	       (0,0)	       (0,0)	       (0,0)	       (0,0)	
       (0,0)	(-1.68603,5.11584)	(-1.98598,5.06882)	(10.513,-38.3007)	(-6.84098,21.5786)	       (0,0)	 (0,4.88951)	       (0,0)	  (0,1.8555)	       (0,0)	       (0,0)	       (0,0)	       (0,0)	       (0,0)	
(-1.0259,4.23498)	(-1.70114,5.19393)	       (0,0)	(-6.84098,21.5786)	(9.56802,-34.9274)	 (0,4.25745)	       (0,0)	       (0,0)	       (0,0)	       (0,0)	       (0,0)	       (0,0)	       (0,0)	       (0,0)	
       (0,0)	       (0,0)	       (0,0)	       (0,0)	 (0,4.25745)	(6.57992,-17.9409)	       (0,0)	       (0,0)	       (0,0)	       (0,0)	(-1.95503,4.09407)	(-1.52597,3.17596)	(-3.09893,6.10276)	       (0,0)	
       (0,0)	       (0,0)	       (0,0)	 (0,4.88951)	       (0,0)	       (0,0)	(0,-19.7666)	 (0,5.67698)	 (0,9.09008)	       (0,0)	       (0,0)	       (0,0)	       (0,0)	       (0,0)	
       (0,0)	       (0,0)	       (0,0)	       (0,0)	       (0,0)	       (0,0)	 (0,5.67698)	(0,-5.67698)	       (0,0)	       (0,0)	       (0,0)	       (0,0)	       (0,0)	       (0,0)	
       (0,0)	       (0,0)	       (0,0)	  (0,1.8555)	       (0,0)	       (0,0)	 (0,9.09008)	       (0,0)	(5.32606,-24.2094)	(-3.90205,10.3654)	       (0,0)	       (0,0)	       (0,0)	(-1.42401,3.02905)	
       (0,0)	       (0,0)	       (0,0)	       (0,0)	       (0,0)	       (0,0)	       (0,0)	       (0,0)	(-3.90205,10.3654)	(5.78293,-14.7683)	(-1.88088,4.40294)	       (0,0)	       (0,0)	       (0,0)	
       (0,0)	       (0,0)	       (0,0)	       (0,0)	       (0,0)	(-1.95503,4.09407)	       (0,0)	       (0,0)	       (0,0)	(-1.88088,4.40294)	(3.83591,-8.49702)	       (0,0)	       (0,0)	       (0,0)	
       (0,0)	       (0,0)	       (0,0)	       (0,0)	       (0,0)	(-1.52597,3.17596)	       (0,0)	       (0,0)	       (0,0)	       (0,0)	       (0,0)	(4.01499,-5.42794)	(-2.48902,2.25197)	       (0,0)	
       (0,0)	       (0,0)	       (0,0)	       (0,0)	       (0,0)	(-3.09893,6.10276)	       (0,0)	       (0,0)	       (0,0)	       (0,0)	       (0,0)	(-2.48902,2.25197)	(6.72495,-10.6697)	(-1.13699,2.31496)	
       (0,0)	       (0,0)	       (0,0)	       (0,0)	       (0,0)	       (0,0)	       (0,0)	       (0,0)	(-1.42401,3.02905)	       (0,0)	       (0,0)	       (0,0)	(-1.13699,2.31496)	(2.561,-5.34401)	
各节点电压初值为
    虚部    实部
         0      1.06
         0     1.045
         0      1.01
         0         1
         0         1
         0      1.07
         0         1
         0      1.09
         0         1
         0         1
         0         1
         0         1
         0         1
         0         1


第0次迭代
各节点不平衡量为
平衡节点	dp0=0	dq0=0
PV节点	dp1=0.0605663	du(2)1=0
PV节点	dp2=-0.921935	du(2)2=0
PQ节点	dp3=-0.382269	dq3=0.527391
PQ节点	dp4=0.0621051	dq4=1.10735
PV节点	dp5=-0.604836	du(2)5=0
PQ节点	dp6=0	dq6=0.400939
PV节点	dp7=0	du(2)7=0
PQ节点	dp8=-0.295	dq8=-0.0353607
PQ节点	dp9=-0.09	dq9=-0.058
PQ节点	dp10=0.101852	dq10=0.268585
PQ节点	dp11=0.0458177	dq11=0.206317
PQ节点	dp12=0.0819249	dq12=0.369193
PQ节点	dp13=-0.149	dq13=-0.05
本次的雅克比矩阵为
1   0   0   0   0   0   0   0   0   0   0   0   0   0   0   0   0   0   0   0   0   0   0   0   0   0   0   0   
0   1   0   0   0   0   0   0   0   0   0   0   0   0   0   0   0   0   0   0   0   0   0   0   0   0   0   0   
0   0   31.3183   10.0669   -4.99705   -1.1861   -5.34605   -1.7619   -5.42765   -1.77769   0   0   0   0   0   0   0   0   0   0   0   0   0   0   0   0   0   0   
0   0   0   2.09   0   0   0   0   0   0   0   0   0   0   0   0   0   0   0   0   0   0   0   0   0   0   0   0   
0   0   -4.82968   -1.14637   10.0659   3.13234   -5.11951   -2.00584   0   0   0   0   0   0   0   0   0   0   0   0   0   0   0   0   0   0   0   0   
0   0   0   0   0   2.02   0   0   0   0   0   0   0   0   0   0   0   0   0   0   0   0   0   0   0   0   0   0   
0   0   -5.11584   -1.68603   -5.06882   -1.98598   38.7891   10.4173   -21.5786   -6.84098   0   0   -4.88951   0   0   0   -1.8555   0   0   0   0   0   0   0   0   0   0   0   
0   0   1.68603   -5.11584   1.98598   -5.06882   -10.6087   37.8123   6.84098   -21.5786   -0   0   -0   -4.88951   -0   0   -0   -1.8555   -0   0   -0   0   -0   0   -0   0   -0   0   
0   0   -5.19393   -1.70114   0   0   -21.5786   -6.84098   36.0508   9.42991   -4.25745   0   0   0   0   0   0   0   0   0   0   0   0   0   0   0   0   0   
0   0   1.70114   -5.19393   -0   0   6.84098   -21.5786   -9.70612   33.8041   -0   -4.25745   -0   0   -0   0   -0   0   -0   0   -0   0   -0   0   -0   0   -0   0   
0   0   0   0   0   0   0   0   -4.55547   0   17.6302   7.50111   0   0   0   0   0   0   0   0   -4.38066   -2.09188   -3.39828   -1.63279   -6.52995   -3.31585   0   0   
0   0   0   0   0   0   0   0   0   0   0   2.14   0   0   0   0   0   0   0   0   0   0   0   0   0   0   0   0   
0   0   0   0   0   0   -4.88951   0   0   0   0   0   20.1675   0   -5.67698   0   -9.09008   0   0   0   0   0   0   0   0   0   0   0   
0   0   -0   0   -0   0   -0   -4.88951   -0   0   -0   0   0   19.3656   -0   -5.67698   -0   -9.09008   -0   0   -0   0   -0   0   -0   0   -0   0   
0   0   0   0   0   0   0   0   0   0   0   0   -6.18791   0   5.67698   0   0   0   0   0   0   0   0   0   0   0   0   0   
0   0   0   0   0   0   0   0   0   0   0   0   0   0   0   2.18   0   0   0   0   0   0   0   0   0   0   0   0   
0   0   0   0   0   0   -1.8555   0   0   0   0   0   -9.09008   0   0   0   24.34   5.32606   -10.3654   -3.90205   0   0   0   0   0   0   -3.02905   -1.42401   
0   0   -0   0   -0   0   -0   -1.8555   -0   0   -0   0   -0   -9.09008   -0   0   -5.32606   24.0787   3.90205   -10.3654   -0   0   -0   0   -0   0   1.42401   -3.02905   
0   0   0   0   0   0   0   0   0   0   0   0   0   0   0   0   -10.3654   -3.90205   14.7683   5.78293   -4.40294   -1.88088   0   0   0   0   0   0   
0   0   -0   0   -0   0   -0   0   -0   0   -0   0   -0   0   -0   0   3.90205   -10.3654   -5.78293   14.7683   1.88088   -4.40294   -0   0   -0   0   -0   0   
0   0   0   0   0   0   0   0   0   0   -4.09407   -1.95503   0   0   0   0   0   0   -4.40294   -1.88088   8.7836   3.69906   0   0   0   0   0   0   
0   0   -0   0   -0   0   -0   0   -0   0   1.95503   -4.09407   -0   0   -0   0   -0   0   1.88088   -4.40294   -3.97277   8.21043   -0   0   -0   0   -0   0   
0   0   0   0   0   0   0   0   0   0   -3.17596   -1.52597   0   0   0   0   0   0   0   0   0   0   5.65026   3.90817   -2.25197   -2.48902   0   0   
0   0   -0   0   -0   0   -0   0   -0   0   1.52597   -3.17596   -0   0   -0   0   -0   0   -0   0   -0   0   -4.12181   5.20562   2.48902   -2.25197   -0   0   
0   0   0   0   0   0   0   0   0   0   -6.10276   -3.09893   0   0   0   0   0   0   0   0   0   0   -2.25197   -2.48902   11.0969   6.50802   -2.31496   -1.13699   
0   0   -0   0   -0   0   -0   0   -0   0   3.09893   -6.10276   -0   0   -0   0   -0   0   -0   0   -0   0   2.48902   -2.25197   -6.94187   10.2425   1.13699   -2.31496   
0   0   0   0   0   0   0   0   0   0   0   0   0   0   0   0   -3.02905   -1.42401   0   0   0   0   0   0   -2.31496   -1.13699   5.34401   2.561   
0   0   -0   0   -0   0   -0   0   -0   0   -0   0   -0   0   -0   0   1.42401   -3.02905   -0   0   -0   0   -0   0   1.13699   -2.31496   -2.561   5.34401   
本次迭代后的电压结果为
    虚部    实部    幅值    相角
         0      1.06      1.06         0
-0.0846769     1.045   1.04843  -4.63259
 -0.215047      1.01   1.03264  -12.0198
 -0.182837   1.05099   1.06678  -9.86873
 -0.158257   1.06113   1.07287  -8.48258
 -0.271201      1.07   1.10383  -14.2226
  -0.23777   1.05673   1.08315  -12.6807
 -0.259169      1.09   1.12039  -13.3748
 -0.267318   1.04931   1.08283  -14.2924
 -0.270217   1.04583   1.08017   -14.487
 -0.264037   1.05601   1.08852   -14.038
 -0.269307   1.05781   1.09155  -14.2835
 -0.270692   1.05197   1.08624  -14.4302
 -0.287803   1.03201   1.07139  -15.5825
本次迭代后的各节点的PQ（标幺值）为
P0=   2.15866	Q0= -0.440507
P1=  0.132724	Q1= -0.304378
P2=    -0.952	Q2=-0.0114223
P3= -0.394924	Q3=  0.118957
P4=  0.121833	Q4= 0.0152535
P5= -0.375585	Q5=  0.772302
P6=  0.106147	Q6=0.00136783
P7=-0.0834607	Q7=  0.237383
P8= -0.315563	Q8=-0.0978976
P9= -0.109808	Q9=-0.0363336
P10= 0.0409863	Q10=-0.0529804
P11=-0.00325352	Q11=-0.0351214
P12=-0.0340892	Q12=-0.0972427
P13= -0.168159	Q13=-0.00871809
本次迭代的各节点的实际PL   QL   PG   QG为
PL0=        -0	QL0=        -0
PG0=   215.866	QG0=  -44.0507
PL1=     -21.7	QL1=     -12.7
PG1=  -8.42763	QG1=  -43.1378
PL2=     -94.2	QL2=       -19
PG2=    -189.4	QG2=  -20.1422
PL3=     -47.8	QL3=       3.9
PG3=  -87.2924	QG3=   15.7957
PL4=      -7.6	QL4=      -1.6
PG4=   4.58329	QG4=-0.0746472
PL5=     -11.2	QL5=      -7.5
PG5=  -48.7585	QG5=   69.7302
PL6=        -0	QL6=        -0
PG6=   10.6147	QG6=  0.136783
PL7=        -0	QL7=        -0
PG7=  -8.34607	QG7=   23.7383
PL8=     -29.5	QL8=     -16.6
PG8=  -61.0563	QG8=  -26.3898
PL9=        -9	QL9=      -5.8
PG9=  -19.9808	QG9=  -9.43336
PL10=      -3.5	QL10=      -1.8
PG10=  0.598628	QG10=  -7.09804
PL11=      -6.1	QL11=      -1.6
PG11=  -6.42535	QG11=  -5.11214
PL12=     -13.5	QL12=      -5.8
PG12=  -16.9089	QG12=  -15.5243
PL13=     -14.9	QL13=        -5
PG13=  -31.7159	QG13=  -5.87181


第1次迭代
各节点不平衡量为
平衡节点	dp0=0	dq0=0
PV节点	dp1=0.0502763	du(2)1=-0.00717018
PV节点	dp2=0.0100003	du(2)2=-0.0462454
PQ节点	dp3=-0.0830759	dq3=-0.0799574
PQ节点	dp4=-0.197833	dq4=-0.0312535
PV节点	dp5=0.263585	du(2)5=-0.0735498
PQ节点	dp6=-0.106147	dq6=-0.00136783
PV节点	dp7=0.0834607	du(2)7=-0.0671685
PQ节点	dp8=0.0205632	dq8=-0.0681024
PQ节点	dp9=0.0198082	dq9=-0.0216664
PQ节点	dp10=-0.0759863	dq10=0.0349804
PQ节点	dp11=-0.0577465	dq11=0.0191214
PQ节点	dp12=-0.100911	dq12=0.0392427
PQ节点	dp13=0.0191594	dq13=-0.0412819
本次的雅克比矩阵为
1   0   0   0   0   0   0   0   0   0   0   0   0   0   0   0   0   0   0   0   0   0   0   0   0   0   0   0   
0   1   0   0   0   0   0   0   0   0   0   0   0   0   0   0   0   0   0   0   0   0   0   0   0   0   0   0   
0   0   31.1058   12.6626   -4.90094   -1.59101   -5.20328   -2.1951   -5.28361   -2.2175   -0   0   -0   0   -0   0   -0   0   -0   0   -0   0   -0   0   -0   0   -0   0   
0   0   -0.169354   2.09   0   0   0   0   0   0   0   0   0   0   0   0   0   0   0   0   0   0   0   0   0   0   0   0   
0   0   -4.5856   -2.1747   9.44124   4.36275   -4.69243   -3.09587   -0   0   -0   0   -0   0   -0   0   -0   0   -0   0   -0   0   -0   0   -0   0   -0   0   
0   0   0   0   -0.430095   2.02   0   0   0   0   0   0   0   0   0   0   0   0   0   0   0   0   0   0   0   0   0   0   
0   0   -5.06845   -2.70737   -4.96419   -3.01402   38.2853   17.668   -21.4282   -11.1352   -0   0   -5.13885   -0.893983   -0   0   -1.95012   -0.339254   -0   0   -0   0   -0   0   -0   0   -0   0   
0   0   2.70737   -5.06845   3.01402   -4.96419   -18.4357   38.3781   11.1352   -21.4282   -0   -0   0.893983   -5.13885   -0   -0   0.339254   -1.95012   -0   -0   -0   -0   -0   -0   -0   -0   -0   -0   
0   0   -5.24222   -2.62711   -0   0   -21.8151   -10.6741   35.5176   15.7907   -4.51771   -0.673772   -0   0   -0   0   -0   0   -0   0   -0   0   -0   0   -0   0   -0   0   
0   0   2.62711   -5.24222   -0   -0   10.6741   -21.8151   -15.5702   35.5792   0.673772   -4.51771   -0   -0   -0   -0   -0   -0   -0   -0   -0   -0   -0   -0   -0   -0   -0   -0   
0   0   -0   0   -0   0   -0   0   -4.55547   -1.15462   16.8176   11.4044   -0   0   -0   0   -0   0   -0   0   -3.85045   -3.2022   -2.98444   -2.49411   -5.68952   -4.97092   -0   0   
0   0   0   0   0   0   0   0   0   0   -0.542401   2.14   0   0   0   0   0   0   0   0   0   0   0   0   0   0   0   0   
0   0   -0   0   -0   0   -5.16687   -1.16258   -0   0   -0   0   20.8651   4.79522   -5.99901   -1.34981   -9.60572   -2.16135   -0   0   -0   0   -0   0   -0   0   -0   0   
0   0   -0   -0   -0   -0   1.16258   -5.16687   -0   -0   -0   -0   -4.60456   20.9106   1.34981   -5.99901   2.16135   -9.60572   -0   -0   -0   -0   -0   -0   -0   -0   -0   -0   
0   0   -0   0   -0   0   -0   0   -0   0   -0   0   -6.18791   -1.4713   5.99901   1.34981   -0   0   -0   0   -0   0   -0   0   -0   0   -0   0   
0   0   0   0   0   0   0   0   0   0   0   0   0   0   -0.518338   2.18   0   0   0   0   0   0   0   0   0   0   0   0   
0   0   -0   0   -0   0   -1.947   -0.496008   -0   0   -0   0   -9.53833   -2.42994   -0   0   24.139   11.8002   -9.83345   -6.86532   -0   0   -0   0   -0   0   -2.79776   -2.30394   
0   0   -0   -0   -0   -0   0.496008   -1.947   -0   -0   -0   -0   2.42994   -9.53833   -0   -0   -12.3204   23.8199   6.86532   -9.83345   -0   -0   -0   -0   -0   -0   2.30394   -2.79776   
0   0   -0   0   -0   0   -0   0   -0   0   -0   0   -0   0   -0   0   -9.78602   -6.88178   13.9405   9.94861   -4.09648   -3.15683   -0   0   -0   0   -0   0   
0   0   -0   -0   -0   -0   -0   -0   -0   -0   -0   -0   -0   -0   -0   -0   6.88178   -9.78602   -10.1286   13.8245   3.15683   -4.09648   -0   -0   -0   -0   -0   -0   
0   0   -0   0   -0   0   -0   0   -0   0   -3.80718   -3.14552   -0   0   -0   0   -0   0   -4.15292   -3.14877   7.99819   6.34262   -0   0   -0   0   -0   0   
0   0   -0   -0   -0   -0   -0   -0   -0   -0   3.14552   -3.80718   -0   -0   -0   -0   -0   -0   3.14877   -4.15292   -6.24595   7.92202   -0   -0   -0   -0   -0   -0   
0   0   -0   0   -0   0   -0   0   -0   0   -2.94861   -2.46949   -0   0   -0   0   -0   0   -0   0   -0   0   4.69237   5.71392   -1.71185   -3.23938   -0   0   
0   0   -0   -0   -0   -0   -0   -0   -0   -0   2.46949   -2.94861   -0   -0   -0   -0   -0   -0   -0   -0   -0   -0   -5.70382   4.62854   3.23938   -1.71185   -0   -0   
0   0   -0   0   -0   0   -0   0   -0   0   -5.58109   -4.91196   -0   0   -0   0   -0   0   -0   0   -0   0   -1.69526   -3.22798   9.49837   9.95458   -2.12751   -1.82273   
0   0   -0   -0   -0   -0   -0   -0   -0   -0   4.91196   -5.58109   -0   -0   -0   -0   -0   -0   -0   -0   -0   -0   3.22798   -1.69526   -9.97075   9.30933   1.82273   -2.12751   
0   0   -0   0   -0   0   -0   0   -0   0   -0   0   -0   0   -0   0   -2.71618   -2.34136   -0   0   -0   0   -0   0   -2.06183   -1.83964   4.82801   4.032   
0   0   -0   -0   -0   -0   -0   -0   -0   -0   -0   -0   -0   -0   -0   -0   2.34136   -2.71618   -0   -0   -0   -0   -0   -0   1.83964   -2.06183   -4.33   4.72801   
本次迭代后的电压结果为
    虚部    实部    幅值    相角
         0      1.06      1.06         0
-0.0894887   1.04118   1.04502  -4.91246
 -0.218419  0.986388   1.01028  -12.4857
 -0.190561   1.02573   1.04328  -10.5245
 -0.167428   1.03853   1.05194  -9.15824
 -0.268685   1.03627   1.07053  -14.5356
 -0.244719   1.02194   1.05083  -13.4668
 -0.254286   1.06035   1.09041  -13.4856
 -0.271118   1.00806   1.04388  -15.0535
  -0.27375   1.00453   1.04116  -15.2438
  -0.27232   1.01644   1.05229  -14.9982
 -0.279537   1.01743   1.05514  -15.3628
 -0.279061   1.01161    1.0494  -15.4219
 -0.287597  0.987304   1.02834  -16.2406
本次迭代后的各节点的PQ（标幺值）为
P0=   2.32251	Q0= -0.312685
P1=  0.184127	Q1=-0.0387373
P2= -0.942556	Q2= -0.100056
P3= -0.476859	Q3= 0.0418479
P4=-0.0725094	Q4=-0.0131606
P5= -0.120104	Q5=  0.637128
P6=0.00308338	Q6=0.00136914
P7=-0.00213445	Q7=  0.245043
P8= -0.296345	Q8= -0.163406
P9=-0.0908999	Q9=-0.0573249
P10=-0.0319863	Q10= -0.017937
P11=-0.0587558	Q11=-0.0155581
P12= -0.130987	Q12=-0.0575252
P13= -0.149982	Q13=-0.0483876
本次迭代的各节点的实际PL   QL   PG   QG为
PL0=        -0	QL0=        -0
PG0=   232.251	QG0=  -31.2685
PL1=     -21.7	QL1=     -12.7
PG1=  -3.28735	QG1=  -16.5737
PL2=     -94.2	QL2=       -19
PG2=  -188.456	QG2=  -29.0056
PL3=     -47.8	QL3=       3.9
PG3=  -95.4859	QG3=   8.08479
PL4=      -7.6	QL4=      -1.6
PG4=  -14.8509	QG4=  -2.91606
PL5=     -11.2	QL5=      -7.5
PG5=  -23.2104	QG5=   56.2128
PL6=        -0	QL6=        -0
PG6=  0.308338	QG6=  0.136914
PL7=        -0	QL7=        -0
PG7= -0.213445	QG7=   24.5043
PL8=     -29.5	QL8=     -16.6
PG8=  -59.1345	QG8=  -32.9406
PL9=        -9	QL9=      -5.8
PG9=    -18.09	QG9=  -11.5325
PL10=      -3.5	QL10=      -1.8
PG10=  -6.69863	QG10=   -3.5937
PL11=      -6.1	QL11=      -1.6
PG11=  -11.9756	QG11=  -3.15581
PL12=     -13.5	QL12=      -5.8
PG12=  -26.5987	QG12=  -11.5525
PL13=     -14.9	QL13=        -5
PG13=  -29.8982	QG13=  -9.83876


第2次迭代
各节点不平衡量为
平衡节点	dp0=0	dq0=0
PV节点	dp1=-0.00112654	du(2)1=-3.77487e-05
PV节点	dp2=0.000556077	du(2)2=-0.000568897
PQ节点	dp3=-0.00114109	dq3=-0.00284792
PQ节点	dp4=-0.00349055	dq4=-0.00283938
PV节点	dp5=0.0081038	du(2)5=-0.00114414
PQ节点	dp6=-0.00308338	dq6=-0.00136914
PV节点	dp7=0.00213445	du(2)7=-0.000903003
PQ节点	dp8=0.00134544	dq8=-0.00259433
PQ节点	dp9=0.000899862	dq9=-0.000675083
PQ节点	dp10=-0.00301371	dq10=-6.29521e-05
PQ节点	dp11=-0.0022442	dq11=-0.000441854
PQ节点	dp12=-0.00401257	dq12=-0.000474795
PQ节点	dp13=0.00098196	dq13=-0.00161243
本次的雅克比矩阵为
1   0   0   0   0   0   0   0   0   0   0   0   0   0   0   0   0   0   0   0   0   0   0   0   0   0   0   0   
0   1   0   0   0   0   0   0   0   0   0   0   0   0   0   0   0   0   0   0   0   0   0   0   0   0   0   0   
0   0   30.687   12.801   -4.87721   -1.60968   -5.17562   -2.21327   -5.25558   -2.23599   -0   0   -0   0   -0   0   -0   0   -0   0   -0   0   -0   0   -0   0   -0   0   
0   0   -0.178977   2.08236   0   0   0   0   0   0   0   0   0   0   0   0   0   0   0   0   0   0   0   0   0   0   0   0   
0   0   -4.46886   -2.16402   9.29464   4.33204   -4.56605   -3.06607   -0   0   -0   0   -0   0   -0   0   -0   0   -0   0   -0   0   -0   0   -0   0   -0   0   
0   0   0   0   -0.436839   1.97278   0   0   0   0   0   0   0   0   0   0   0   0   0   0   0   0   0   0   0   0   0   0   
0   0   -4.92615   -2.70429   -4.82077   -3.00298   37.3267   17.6254   -20.8301   -11.129   -0   0   -5.0153   -0.93175   -0   0   -1.90323   -0.353586   -0   0   -0   0   -0   0   -0   0   -0   0   
0   0   2.70429   -4.92615   3.00298   -4.82077   -18.5388   37.2386   11.129   -20.8301   -0   -0   0.93175   -5.0153   -0   -0   0.353586   -1.90323   -0   -0   -0   -0   -0   -0   -0   -0   -0   -0   
0   0   -5.10921   -2.63629   -0   0   -21.2645   -10.7174   34.6944   15.7184   -4.42147   -0.712815   -0   0   -0   0   -0   0   -0   0   -0   0   -0   0   -0   0   -0   0   
0   0   2.63629   -5.10921   -0   -0   10.7174   -21.2645   -15.8505   34.6477   0.712815   -4.42147   -0   -0   -0   -0   -0   -0   -0   -0   -0   -0   -0   -0   -0   -0   -0   -0   
0   0   -0   0   -0   0   -0   0   -4.41186   -1.14391   16.2757   11.381   -0   0   -0   0   -0   0   -0   0   -3.71727   -3.12595   -2.88115   -2.43465   -5.49146   -4.85104   -0   0   
0   0   0   0   0   0   0   0   0   0   -0.53737   2.07254   0   0   0   0   0   0   0   0   0   0   0   0   0   0   0   0   
0   0   -0   0   -0   0   -4.99677   -1.19656   -0   0   -0   0   20.1982   4.83981   -5.80151   -1.38927   -9.28949   -2.22452   -0   0   -0   0   -0   0   -0   0   -0   0   
0   0   -0   -0   -0   -0   1.19656   -4.99677   -0   -0   -0   -0   -4.83471   20.2021   1.38927   -5.80151   2.22452   -9.28949   -0   -0   -0   -0   -0   -0   -0   -0   -0   -0   
0   0   -0   0   -0   0   -0   0   -0   0   -0   0   -6.01958   -1.44358   5.80151   1.38927   -0   0   -0   0   -0   0   -0   0   -0   0   -0   0   
0   0   0   0   0   0   0   0   0   0   0   0   0   0   -0.508572   2.1207   0   0   0   0   0   0   0   0   0   0   0   0   
0   0   -0   0   -0   0   -1.87045   -0.503059   -0   0   -0   0   -9.16334   -2.46448   -0   0   23.1854   11.6991   -9.39101   -6.74374   -0   0   -0   0   -0   0   -2.66739   -2.25671   
0   0   -0   -0   -0   -0   0.503059   -1.87045   -0   -0   -0   -0   2.46448   -9.16334   -0   -0   -12.1661   22.7356   6.74374   -9.39101   -0   -0   -0   -0   -0   -0   2.25671   -2.66739   
0   0   -0   0   -0   0   -0   0   -0   0   -0   0   -0   0   -0   0   -9.34414   -6.75724   13.3282   9.78219   -3.90799   -3.09471   -0   0   -0   0   -0   0   
0   0   -0   -0   -0   -0   -0   -0   -0   -0   -0   -0   -0   -0   -0   -0   6.75724   -9.34414   -9.92171   13.1761   3.09471   -3.90799   -0   -0   -0   -0   -0   -0   
0   0   -0   0   -0   0   -0   0   -0   0   -3.62898   -3.10206   -0   0   -0   0   -0   0   -3.96312   -3.11081   7.61643   6.18792   -0   0   -0   0   -0   0   
0   0   -0   -0   -0   -0   -0   -0   -0   -0   3.10206   -3.62898   -0   -0   -0   -0   -0   -0   3.11081   -3.96312   -6.23782   7.56777   -0   -0   -0   -0   -0   -0   
0   0   -0   0   -0   0   -0   0   -0   0   -2.80477   -2.44037   -0   0   -0   0   -0   0   -0   0   -0   0   4.4292   5.5525   -1.59546   -3.16193   -0   0   
0   0   -0   -0   -0   -0   -0   -0   -0   -0   2.44037   -2.80477   -0   -0   -0   -0   -0   -0   -0   -0   -0   -0   -5.65208   4.37126   3.16193   -1.59546   -0   -0   
0   0   -0   0   -0   0   -0   0   -0   0   -5.30883   -4.83796   -0   0   -0   0   -0   0   -0   0   -0   0   -1.58354   -3.14637   9.00296   9.67479   -2.02456   -1.79621   
0   0   -0   -0   -0   -0   -0   -0   -0   -0   4.83796   -5.30883   -0   -0   -0   -0   -0   -0   -0   -0   -0   -0   3.14637   -1.58354   -9.88629   8.83089   1.79621   -2.02456   
0   0   -0   0   -0   0   -0   0   -0   0   -0   0   -0   0   -0   0   -2.58106   -2.27707   -0   0   -0   0   -0   0   -1.95858   -1.78834   4.6256   3.93854   
0   0   -0   -0   -0   -0   -0   -0   -0   -0   -0   -0   -0   -0   -0   -0   2.27707   -2.58106   -0   -0   -0   -0   -0   -0   1.78834   -1.95858   -4.19228   4.45367   
本次迭代后的电压结果为
    虚部    实部    幅值    相角
         0      1.06      1.06         0
 -0.089675   1.04115     1.045   -4.9228
 -0.218553   0.98607      1.01   -12.497
 -0.190676   1.02516   1.04274  -10.5364
 -0.167586     1.038   1.05144  -9.17132
 -0.268758    1.0357      1.07  -14.5471
 -0.244793   1.02111   1.05004  -13.4813
 -0.254109   1.05997      1.09  -13.4813
 -0.271046   1.00701   1.04285  -15.0646
 -0.273705   1.00349   1.04015  -15.2565
  -0.27256   1.01542   1.05137  -15.0252
 -0.279909   1.01635   1.05419  -15.3978
 -0.279355   1.01056   1.04846  -15.4527
   -0.2874   0.98614   1.02717  -16.2482
本次迭代后的各节点的PQ（标幺值）为
P0=   2.32699	Q0= -0.310915
P1=  0.183001	Q1=-0.0310133
P2=    -0.942	Q2= -0.100015
P3=    -0.478	Q3= 0.0390018
P4= -0.075999	Q4=-0.0159978
P5= -0.112003	Q5=  0.639814
P6=1.97203e-06	Q6=1.78611e-06
P7=-9.93112e-07	Q7=  0.247276
P8= -0.295002	Q8= -0.165997
P9= -0.090001	Q9=-0.0579994
P10=-0.0349974	Q10=-0.0179985
P11=-0.0609983	Q11=-0.0159982
P12= -0.134997	Q12=-0.0579973
P13= -0.149001	Q13=-0.0499982
本次迭代的各节点的实际PL   QL   PG   QG为
PL0=        -0	QL0=        -0
PG0=   232.699	QG0=  -31.0915
PL1=     -21.7	QL1=     -12.7
PG1=  -3.39986	QG1=  -15.8013
PL2=     -94.2	QL2=       -19
PG2=    -188.4	QG2=  -29.0015
PL3=     -47.8	QL3=       3.9
PG3=     -95.6	QG3=   7.80018
PL4=      -7.6	QL4=      -1.6
PG4=  -15.1999	QG4=  -3.19978
PL5=     -11.2	QL5=      -7.5
PG5=  -22.4003	QG5=   56.4814
PL6=        -0	QL6=        -0
PG6=0.000197203	QG6=0.000178611
PL7=        -0	QL7=        -0
PG7=-9.93112e-05	QG7=   24.7276
PL8=     -29.5	QL8=     -16.6
PG8=  -59.0002	QG8=  -33.1997
PL9=        -9	QL9=      -5.8
PG9=  -18.0001	QG9=  -11.5999
PL10=      -3.5	QL10=      -1.8
PG10=  -6.99974	QG10=  -3.59985
PL11=      -6.1	QL11=      -1.6
PG11=  -12.1998	QG11=  -3.19982
PL12=     -13.5	QL12=      -5.8
PG12=  -26.9997	QG12=  -11.5997
PL13=     -14.9	QL13=        -5
PG13=  -29.8001	QG13=  -9.99982


第3次迭代
各节点不平衡量为
平衡节点	dp0=0	dq0=0
PV节点	dp1=-1.41562e-06	du(2)1=-3.60209e-08
PV节点	dp2=1.21189e-07	du(2)2=-1.19595e-07
PQ节点	dp3=-1.35446e-07	dq3=-1.75918e-06
PQ节点	dp4=-1.01679e-06	dq4=-2.15352e-06
PV节点	dp5=3.38107e-06	du(2)5=-3.28344e-07
PQ节点	dp6=-1.97203e-06	dq6=-1.78611e-06
PV节点	dp7=9.93112e-07	du(2)7=-1.78806e-07
PQ节点	dp8=1.5983e-06	dq8=-2.55853e-06
PQ节点	dp9=9.71035e-07	dq9=-6.00274e-07
PQ节点	dp10=-2.59627e-06	dq10=-1.50975e-06
PQ节点	dp11=-1.73437e-06	dq11=-1.84165e-06
PQ节点	dp12=-3.34344e-06	dq12=-2.72989e-06
PQ节点	dp13=1.15771e-06	dq13=-1.81222e-06
本次的雅克比矩阵为
1   0   0   0   0   0   0   0   0   0   0   0   0   0   0   0   0   0   0   0   0   0   0   0   0   0   0   0   
0   1   0   0   0   0   0   0   0   0   0   0   0   0   0   0   0   0   0   0   0   0   0   0   0   0   0   0   
0   0   30.6769   12.8046   -4.87683   -1.61053   -5.17514   -2.21417   -5.25508   -2.2369   -0   0   -0   0   -0   0   -0   0   -0   0   -0   0   -0   0   -0   0   -0   0   
0   0   -0.17935   2.08229   0   0   0   0   0   0   0   0   0   0   0   0   0   0   0   0   0   0   0   0   0   0   0   0   
0   0   -4.46719   -2.1643   9.29121   4.3327   -4.56417   -3.06612   -0   0   -0   0   -0   0   -0   0   -0   0   -0   0   -0   0   -0   0   -0   0   -0   0   
0   0   0   0   -0.437105   1.97214   0   0   0   0   0   0   0   0   0   0   0   0   0   0   0   0   0   0   0   0   0   0   
0   0   -4.92305   -2.70392   -4.81766   -3.00244   37.3068   17.623   -20.817   -11.1276   -0   0   -5.01252   -0.932312   -0   0   -1.90218   -0.353799   -0   0   -0   0   -0   0   -0   0   -0   0   
0   0   2.70392   -4.92305   3.00244   -4.81766   -18.538   37.2127   11.1276   -20.817   -0   -0   0.932312   -5.01252   -0   -0   0.353799   -1.90218   -0   -0   -0   -0   -0   -0   -0   -0   -0   -0   
0   0   -5.10619   -2.6362   -0   0   -21.252   -10.7172   34.6776   15.716   -4.41921   -0.713486   -0   0   -0   0   -0   0   -0   0   -0   0   -0   0   -0   0   -0   0   
0   0   2.6362   -5.10619   -0   -0   10.7172   -21.252   -15.8538   34.6245   0.713486   -4.41921   -0   -0   -0   -0   -0   -0   -0   -0   -0   -0   -0   -0   -0   -0   -0   -0   
0   0   -0   0   -0   0   -0   0   -4.40943   -1.14422   16.2604   11.3851   -0   0   -0   0   -0   0   -0   0   -3.71479   -3.12513   -2.87922   -2.43401   -5.48775   -4.84972   -0   0   
0   0   0   0   0   0   0   0   0   0   -0.537516   2.0714   0   0   0   0   0   0   0   0   0   0   0   0   0   0   0   0   
0   0   -0   0   -0   0   -4.99271   -1.19692   -0   0   -0   0   20.1838   4.83871   -5.7968   -1.38968   -9.28194   -2.22519   -0   0   -0   0   -0   0   -0   0   -0   0   
0   0   -0   -0   -0   -0   1.19692   -4.99271   -0   -0   -0   -0   -4.83871   20.1838   1.38968   -5.7968   2.22519   -9.28194   -0   -0   -0   -0   -0   -0   -0   -0   -0   -0   
0   0   -0   0   -0   0   -0   0   -0   0   -0   0   -6.01741   -1.44257   5.7968   1.38968   -0   0   -0   0   -0   0   -0   0   -0   0   -0   0   
0   0   0   0   0   0   0   0   0   0   0   0   0   0   -0.508218   2.11993   0   0   0   0   0   0   0   0   0   0   0   0   
0   0   -0   0   -0   0   -1.86851   -0.502926   -0   0   -0   0   -9.15383   -2.46383   -0   0   23.1628   11.6935   -9.38046   -6.73891   -0   0   -0   0   -0   0   -2.66432   -2.255   
0   0   -0   -0   -0   -0   0.502926   -1.86851   -0   -0   -0   -0   2.46383   -9.15383   -0   -0   -12.1571   22.7083   6.73891   -9.38046   -0   -0   -0   -0   -0   -0   2.255   -2.66432   
0   0   -0   0   -0   0   -0   0   -0   0   -0   0   -0   0   -0   0   -9.33354   -6.75272   13.3136   9.77647   -3.9035   -3.09255   -0   0   -0   0   -0   0   
0   0   -0   -0   -0   -0   -0   -0   -0   -0   -0   -0   -0   -0   -0   -0   6.75272   -9.33354   -9.91408   13.1605   3.09255   -3.9035   -0   -0   -0   -0   -0   -0   
0   0   -0   0   -0   0   -0   0   -0   0   -3.62436   -3.10107   -0   0   -0   0   -0   0   -3.9582   -3.10996   7.60773   6.18332   -0   0   -0   0   -0   0   
0   0   -0   -0   -0   -0   -0   -0   -0   -0   3.10107   -3.62436   -0   -0   -0   -0   -0   -0   3.10996   -3.9582   -6.23874   7.5574   -0   -0   -0   -0   -0   -0   
0   0   -0   0   -0   0   -0   0   -0   0   -2.80077   -2.4399   -0   0   -0   0   -0   0   -0   0   -0   0   4.42287   5.54822   -1.5921   -3.16008   -0   0   
0   0   -0   -0   -0   -0   -0   -0   -0   -0   2.4399   -2.80077   -0   -0   -0   -0   -0   -0   -0   -0   -0   -0   -5.65173   4.36288   3.16008   -1.5921   -0   -0   
0   0   -0   0   -0   0   -0   0   -0   0   -5.30149   -4.83648   -0   0   -0   0   -0   0   -0   0   -0   0   -1.58043   -3.14441   8.99133   9.66722   -2.02178   -1.7957   
0   0   -0   -0   -0   -0   -0   -0   -0   -0   4.83648   -5.30149   -0   -0   -0   -0   -0   -0   -0   -0   -0   -0   3.14441   -1.58043   -9.88595   8.81608   1.7957   -2.02178   
0   0   -0   0   -0   0   -0   0   -0   0   -0   0   -0   0   -0   0   -2.57781   -2.27482   -0   0   -0   0   -0   0   -1.95611   -1.78656   4.62123   3.93573   
0   0   -0   -0   -0   -0   -0   -0   -0   -0   -0   -0   -0   -0   -0   -0   2.27482   -2.57781   -0   -0   -0   -0   -0   -0   1.78656   -1.95611   -4.18702   4.4466   
本次迭代后的电压结果为
    虚部    实部    幅值    相角
         0      1.06      1.06         0
-0.0896752   1.04115     1.045  -4.92281
 -0.218553   0.98607      1.01   -12.497
 -0.190676   1.02516   1.04274  -10.5364
 -0.167586     1.038   1.05144  -9.17133
 -0.268759    1.0357      1.07  -14.5471
 -0.244793   1.02111   1.05004  -13.4813
 -0.254109   1.05997      1.09  -13.4813
 -0.271046   1.00701   1.04285  -15.0646
 -0.273705   1.00349   1.04015  -15.2565
 -0.272561   1.01542   1.05137  -15.0252
 -0.279909   1.01635   1.05419  -15.3979
 -0.279356   1.01056   1.04846  -15.4528
   -0.2874  0.986139   1.02717  -16.2482
本次迭代后的各节点的PQ（标幺值）为
P0=   2.32699	Q0= -0.310914
P1=     0.183	Q1=-0.0310089
P2=    -0.942	Q2= -0.100014
P3=    -0.478	Q3=     0.039
P4=    -0.076	Q4=    -0.016
P5=    -0.112	Q5=  0.639824
P6=4.26414e-12	Q6=2.03091e-11
P7=5.75096e-13	Q7=  0.247279
P8=    -0.295	Q8=    -0.166
P9=     -0.09	Q9=    -0.058
P10=    -0.035	Q10=    -0.018
P11=    -0.061	Q11=    -0.016
P12=    -0.135	Q12=    -0.058
P13=    -0.149	Q13=     -0.05
本次迭代的各节点的实际PL   QL   PG   QG为
PL0=        -0	QL0=        -0
PG0=   232.699	QG0=  -31.0914
PL1=     -21.7	QL1=     -12.7
PG1=      -3.4	QG1=  -15.8009
PL2=     -94.2	QL2=       -19
PG2=    -188.4	QG2=  -29.0014
PL3=     -47.8	QL3=       3.9
PG3=     -95.6	QG3=       7.8
PL4=      -7.6	QL4=      -1.6
PG4=     -15.2	QG4=      -3.2
PL5=     -11.2	QL5=      -7.5
PG5=     -22.4	QG5=   56.4824
PL6=        -0	QL6=        -0
PG6=4.26414e-10	QG6=2.03091e-09
PL7=        -0	QL7=        -0
PG7=5.75096e-11	QG7=   24.7279
PL8=     -29.5	QL8=     -16.6
PG8=       -59	QG8=     -33.2
PL9=        -9	QL9=      -5.8
PG9=       -18	QG9=     -11.6
PL10=      -3.5	QL10=      -1.8
PG10=        -7	QG10=      -3.6
PL11=      -6.1	QL11=      -1.6
PG11=     -12.2	QG11=      -3.2
PL12=     -13.5	QL12=      -5.8
PG12=       -27	QG12=     -11.6
PL13=     -14.9	QL13=        -5
PG13=     -29.8	QG13=       -10


第4次迭代
各节点不平衡量为
平衡节点	dp0=0	dq0=0
PV节点	dp1=7.87068e-12	du(2)1=-1.95399e-14
PV节点	dp2=4.43756e-13	du(2)2=-4.80949e-13
PQ节点	dp3=-1.37794e-11	dq3=-1.95141e-11
PQ节点	dp4=-1.66127e-12	dq4=-6.77323e-12
PV节点	dp5=-1.81813e-11	du(2)5=-2.37277e-12
PQ节点	dp6=-4.26414e-12	dq6=-2.03091e-11
PV节点	dp7=-5.75096e-13	du(2)7=-5.32907e-15
PQ节点	dp8=-2.1293e-11	dq8=3.64206e-11
PQ节点	dp9=-1.44143e-12	dq9=-1.81377e-11
PQ节点	dp10=-5.38267e-12	dq10=-1.26381e-11
PQ节点	dp11=-3.16952e-12	dq11=-1.3785e-11
PQ节点	dp12=2.87237e-12	dq12=-1.11566e-11
PQ节点	dp13=2.75627e-12	dq13=-1.21254e-12
本次的雅克比矩阵为
1   0   0   0   0   0   0   0   0   0   0   0   0   0   0   0   0   0   0   0   0   0   0   0   0   0   0   0   
0   1   0   0   0   0   0   0   0   0   0   0   0   0   0   0   0   0   0   0   0   0   0   0   0   0   0   0   
0   0   30.6769   12.8046   -4.87683   -1.61053   -5.17514   -2.21417   -5.25508   -2.2369   -0   0   -0   0   -0   0   -0   0   -0   0   -0   0   -0   0   -0   0   -0   0   
0   0   -0.17935   2.08229   0   0   0   0   0   0   0   0   0   0   0   0   0   0   0   0   0   0   0   0   0   0   0   0   
0   0   -4.46719   -2.1643   9.2912   4.3327   -4.56417   -3.06612   -0   0   -0   0   -0   0   -0   0   -0   0   -0   0   -0   0   -0   0   -0   0   -0   0   
0   0   0   0   -0.437106   1.97214   0   0   0   0   0   0   0   0   0   0   0   0   0   0   0   0   0   0   0   0   0   0   
0   0   -4.92305   -2.70392   -4.81766   -3.00244   37.3068   17.623   -20.817   -11.1276   -0   0   -5.01252   -0.932312   -0   0   -1.90218   -0.353799   -0   0   -0   0   -0   0   -0   0   -0   0   
0   0   2.70392   -4.92305   3.00244   -4.81766   -18.538   37.2126   11.1276   -20.817   -0   -0   0.932312   -5.01252   -0   -0   0.353799   -1.90218   -0   -0   -0   -0   -0   -0   -0   -0   -0   -0   
0   0   -5.10619   -2.6362   -0   0   -21.252   -10.7172   34.6776   15.716   -4.41921   -0.713487   -0   0   -0   0   -0   0   -0   0   -0   0   -0   0   -0   0   -0   0   
0   0   2.6362   -5.10619   -0   -0   10.7172   -21.252   -15.8538   34.6245   0.713487   -4.41921   -0   -0   -0   -0   -0   -0   -0   -0   -0   -0   -0   -0   -0   -0   -0   -0   
0   0   -0   0   -0   0   -0   0   -4.40942   -1.14423   16.2604   11.3851   -0   0   -0   0   -0   0   -0   0   -3.71479   -3.12514   -2.87922   -2.43401   -5.48774   -4.84972   -0   0   
0   0   0   0   0   0   0   0   0   0   -0.537517   2.07139   0   0   0   0   0   0   0   0   0   0   0   0   0   0   0   0   
0   0   -0   0   -0   0   -4.99271   -1.19692   -0   0   -0   0   20.1838   4.83872   -5.7968   -1.38968   -9.28194   -2.22519   -0   0   -0   0   -0   0   -0   0   -0   0   
0   0   -0   -0   -0   -0   1.19692   -4.99271   -0   -0   -0   -0   -4.83872   20.1838   1.38968   -5.7968   2.22519   -9.28194   -0   -0   -0   -0   -0   -0   -0   -0   -0   -0   
0   0   -0   0   -0   0   -0   0   -0   0   -0   0   -6.01741   -1.44257   5.7968   1.38968   -0   0   -0   0   -0   0   -0   0   -0   0   -0   0   
0   0   0   0   0   0   0   0   0   0   0   0   0   0   -0.508218   2.11993   0   0   0   0   0   0   0   0   0   0   0   0   
0   0   -0   0   -0   0   -1.86851   -0.502926   -0   0   -0   0   -9.15383   -2.46383   -0   0   23.1628   11.6935   -9.38045   -6.73891   -0   0   -0   0   -0   0   -2.66432   -2.255   
0   0   -0   -0   -0   -0   0.502926   -1.86851   -0   -0   -0   -0   2.46383   -9.15383   -0   -0   -12.157   22.7083   6.73891   -9.38045   -0   -0   -0   -0   -0   -0   2.255   -2.66432   
0   0   -0   0   -0   0   -0   0   -0   0   -0   0   -0   0   -0   0   -9.33353   -6.75272   13.3136   9.77647   -3.90349   -3.09255   -0   0   -0   0   -0   0   
0   0   -0   -0   -0   -0   -0   -0   -0   -0   -0   -0   -0   -0   -0   -0   6.75272   -9.33353   -9.91407   13.1605   3.09255   -3.90349   -0   -0   -0   -0   -0   -0   
0   0   -0   0   -0   0   -0   0   -0   0   -3.62436   -3.10107   -0   0   -0   0   -0   0   -3.9582   -3.10997   7.60772   6.18332   -0   0   -0   0   -0   0   
0   0   -0   -0   -0   -0   -0   -0   -0   -0   3.10107   -3.62436   -0   -0   -0   -0   -0   -0   3.10997   -3.9582   -6.23875   7.55739   -0   -0   -0   -0   -0   -0   
0   0   -0   0   -0   0   -0   0   -0   0   -2.80077   -2.4399   -0   0   -0   0   -0   0   -0   0   -0   0   4.42286   5.54822   -1.5921   -3.16007   -0   0   
0   0   -0   -0   -0   -0   -0   -0   -0   -0   2.4399   -2.80077   -0   -0   -0   -0   -0   -0   -0   -0   -0   -0   -5.65173   4.36287   3.16007   -1.5921   -0   -0   
0   0   -0   0   -0   0   -0   0   -0   0   -5.30148   -4.83648   -0   0   -0   0   -0   0   -0   0   -0   0   -1.58043   -3.1444   8.99132   9.66722   -2.02178   -1.7957   
0   0   -0   -0   -0   -0   -0   -0   -0   -0   4.83648   -5.30148   -0   -0   -0   -0   -0   -0   -0   -0   -0   -0   3.1444   -1.58043   -9.88595   8.81606   1.7957   -2.02178   
0   0   -0   0   -0   0   -0   0   -0   0   -0   0   -0   0   -0   0   -2.57781   -2.27482   -0   0   -0   0   -0   0   -1.9561   -1.78655   4.62123   3.93572   
0   0   -0   -0   -0   -0   -0   -0   -0   -0   -0   -0   -0   -0   -0   -0   2.27482   -2.57781   -0   -0   -0   -0   -0   -0   1.78655   -1.9561   -4.18702   4.44659   
本次迭代后的电压结果为
    虚部    实部    幅值    相角
         0      1.06      1.06         0
-0.0896752   1.04115     1.045  -4.92281
 -0.218553   0.98607      1.01   -12.497
 -0.190676   1.02516   1.04274  -10.5364
 -0.167586     1.038   1.05144  -9.17133
 -0.268759    1.0357      1.07  -14.5471
 -0.244793   1.02111   1.05004  -13.4813
 -0.254109   1.05997      1.09  -13.4813
 -0.271046   1.00701   1.04285  -15.0646
 -0.273705   1.00349   1.04015  -15.2565
 -0.272561   1.01542   1.05137  -15.0252
 -0.279909   1.01635   1.05419  -15.3979
 -0.279356   1.01056   1.04846  -15.4528
   -0.2874  0.986139   1.02717  -16.2482
本次迭代后的各节点的PQ（标幺值）为
P0=   2.32699	Q0= -0.310914
P1=     0.183	Q1=-0.0310089
P2=    -0.942	Q2= -0.100014
P3=    -0.478	Q3=     0.039
P4=    -0.076	Q4=    -0.016
P5=    -0.112	Q5=  0.639824
P6=-4.44089e-16	Q6=1.77636e-15
P7=-2.22045e-16	Q7=  0.247279
P8=    -0.295	Q8=    -0.166
P9=     -0.09	Q9=    -0.058
P10=    -0.035	Q10=    -0.018
P11=    -0.061	Q11=    -0.016
P12=    -0.135	Q12=    -0.058
P13=    -0.149	Q13=     -0.05
本次迭代的各节点的实际PL   QL   PG   QG为
PL0=        -0	QL0=        -0
PG0=   232.699	QG0=  -31.0914
PL1=     -21.7	QL1=     -12.7
PG1=      -3.4	QG1=  -15.8009
PL2=     -94.2	QL2=       -19
PG2=    -188.4	QG2=  -29.0014
PL3=     -47.8	QL3=       3.9
PG3=     -95.6	QG3=       7.8
PL4=      -7.6	QL4=      -1.6
PG4=     -15.2	QG4=      -3.2
PL5=     -11.2	QL5=      -7.5
PG5=     -22.4	QG5=   56.4824
PL6=        -0	QL6=        -0
PG6=-4.44089e-14	QG6=1.77636e-13
PL7=        -0	QL7=        -0
PG7=-2.22045e-14	QG7=   24.7279
PL8=     -29.5	QL8=     -16.6
PG8=       -59	QG8=     -33.2
PL9=        -9	QL9=      -5.8
PG9=       -18	QG9=     -11.6
PL10=      -3.5	QL10=      -1.8
PG10=        -7	QG10=      -3.6
PL11=      -6.1	QL11=      -1.6
PG11=     -12.2	QG11=      -3.2
PL12=     -13.5	QL12=      -5.8
PG12=       -27	QG12=     -11.6
PL13=     -14.9	QL13=        -5
PG13=     -29.8	QG13=       -10


第5次迭代
各节点不平衡量为
平衡节点	dp0=0	dq0=0
PV节点	dp1=-1.58207e-15	du(2)1=-4.44089e-16
PV节点	dp2=3.33067e-16	du(2)2=0
PQ节点	dp3=-2.10942e-15	dq3=-8.36137e-15
PQ节点	dp4=2.84495e-15	dq4=6.23113e-15
PV节点	dp5=5.55112e-16	du(2)5=0
PQ节点	dp6=4.44089e-16	dq6=-1.77636e-15
PV节点	dp7=2.22045e-16	du(2)7=0
PQ节点	dp8=-2.60902e-15	dq8=-9.71445e-16
PQ节点	dp9=8.32667e-17	dq9=-3.71925e-15
PQ节点	dp10=-3.05311e-16	dq10=6.80012e-16
PQ节点	dp11=8.32667e-16	dq11=2.23432e-15
PQ节点	dp12=-8.88178e-16	dq12=7.21645e-16
PQ节点	dp13=4.71845e-16	dq13=-1.80411e-16
本次的雅克比矩阵为
1   0   0   0   0   0   0   0   0   0   0   0   0   0   0   0   0   0   0   0   0   0   0   0   0   0   0   0   
0   1   0   0   0   0   0   0   0   0   0   0   0   0   0   0   0   0   0   0   0   0   0   0   0   0   0   0   
0   0   30.6769   12.8046   -4.87683   -1.61053   -5.17514   -2.21417   -5.25508   -2.2369   -0   0   -0   0   -0   0   -0   0   -0   0   -0   0   -0   0   -0   0   -0   0   
0   0   -0.17935   2.08229   0   0   0   0   0   0   0   0   0   0   0   0   0   0   0   0   0   0   0   0   0   0   0   0   
0   0   -4.46719   -2.1643   9.2912   4.3327   -4.56417   -3.06612   -0   0   -0   0   -0   0   -0   0   -0   0   -0   0   -0   0   -0   0   -0   0   -0   0   
0   0   0   0   -0.437106   1.97214   0   0   0   0   0   0   0   0   0   0   0   0   0   0   0   0   0   0   0   0   0   0   
0   0   -4.92305   -2.70392   -4.81766   -3.00244   37.3068   17.623   -20.817   -11.1276   -0   0   -5.01252   -0.932312   -0   0   -1.90218   -0.353799   -0   0   -0   0   -0   0   -0   0   -0   0   
0   0   2.70392   -4.92305   3.00244   -4.81766   -18.538   37.2126   11.1276   -20.817   -0   -0   0.932312   -5.01252   -0   -0   0.353799   -1.90218   -0   -0   -0   -0   -0   -0   -0   -0   -0   -0   
0   0   -5.10619   -2.6362   -0   0   -21.252   -10.7172   34.6776   15.716   -4.41921   -0.713487   -0   0   -0   0   -0   0   -0   0   -0   0   -0   0   -0   0   -0   0   
0   0   2.6362   -5.10619   -0   -0   10.7172   -21.252   -15.8538   34.6245   0.713487   -4.41921   -0   -0   -0   -0   -0   -0   -0   -0   -0   -0   -0   -0   -0   -0   -0   -0   
0   0   -0   0   -0   0   -0   0   -4.40942   -1.14423   16.2604   11.3851   -0   0   -0   0   -0   0   -0   0   -3.71479   -3.12514   -2.87922   -2.43401   -5.48774   -4.84972   -0   0   
0   0   0   0   0   0   0   0   0   0   -0.537517   2.07139   0   0   0   0   0   0   0   0   0   0   0   0   0   0   0   0   
0   0   -0   0   -0   0   -4.99271   -1.19692   -0   0   -0   0   20.1838   4.83872   -5.7968   -1.38968   -9.28194   -2.22519   -0   0   -0   0   -0   0   -0   0   -0   0   
0   0   -0   -0   -0   -0   1.19692   -4.99271   -0   -0   -0   -0   -4.83872   20.1838   1.38968   -5.7968   2.22519   -9.28194   -0   -0   -0   -0   -0   -0   -0   -0   -0   -0   
0   0   -0   0   -0   0   -0   0   -0   0   -0   0   -6.01741   -1.44257   5.7968   1.38968   -0   0   -0   0   -0   0   -0   0   -0   0   -0   0   
0   0   0   0   0   0   0   0   0   0   0   0   0   0   -0.508218   2.11993   0   0   0   0   0   0   0   0   0   0   0   0   
0   0   -0   0   -0   0   -1.86851   -0.502926   -0   0   -0   0   -9.15383   -2.46383   -0   0   23.1628   11.6935   -9.38045   -6.73891   -0   0   -0   0   -0   0   -2.66432   -2.255   
0   0   -0   -0   -0   -0   0.502926   -1.86851   -0   -0   -0   -0   2.46383   -9.15383   -0   -0   -12.157   22.7083   6.73891   -9.38045   -0   -0   -0   -0   -0   -0   2.255   -2.66432   
0   0   -0   0   -0   0   -0   0   -0   0   -0   0   -0   0   -0   0   -9.33353   -6.75272   13.3136   9.77647   -3.90349   -3.09255   -0   0   -0   0   -0   0   
0   0   -0   -0   -0   -0   -0   -0   -0   -0   -0   -0   -0   -0   -0   -0   6.75272   -9.33353   -9.91407   13.1605   3.09255   -3.90349   -0   -0   -0   -0   -0   -0   
0   0   -0   0   -0   0   -0   0   -0   0   -3.62436   -3.10107   -0   0   -0   0   -0   0   -3.9582   -3.10997   7.60772   6.18332   -0   0   -0   0   -0   0   
0   0   -0   -0   -0   -0   -0   -0   -0   -0   3.10107   -3.62436   -0   -0   -0   -0   -0   -0   3.10997   -3.9582   -6.23875   7.55739   -0   -0   -0   -0   -0   -0   
0   0   -0   0   -0   0   -0   0   -0   0   -2.80077   -2.4399   -0   0   -0   0   -0   0   -0   0   -0   0   4.42286   5.54822   -1.5921   -3.16007   -0   0   
0   0   -0   -0   -0   -0   -0   -0   -0   -0   2.4399   -2.80077   -0   -0   -0   -0   -0   -0   -0   -0   -0   -0   -5.65173   4.36287   3.16007   -1.5921   -0   -0   
0   0   -0   0   -0   0   -0   0   -0   0   -5.30148   -4.83648   -0   0   -0   0   -0   0   -0   0   -0   0   -1.58043   -3.1444   8.99132   9.66722   -2.02178   -1.7957   
0   0   -0   -0   -0   -0   -0   -0   -0   -0   4.83648   -5.30148   -0   -0   -0   -0   -0   -0   -0   -0   -0   -0   3.1444   -1.58043   -9.88595   8.81606   1.7957   -2.02178   
0   0   -0   0   -0   0   -0   0   -0   0   -0   0   -0   0   -0   0   -2.57781   -2.27482   -0   0   -0   0   -0   0   -1.9561   -1.78655   4.62123   3.93572   
0   0   -0   -0   -0   -0   -0   -0   -0   -0   -0   -0   -0   -0   -0   -0   2.27482   -2.57781   -0   -0   -0   -0   -0   -0   1.78655   -1.9561   -4.18702   4.44659   
本次迭代后的电压结果为
    虚部    实部    幅值    相角
         0      1.06      1.06         0
-0.0896752   1.04115     1.045  -4.92281
 -0.218553   0.98607      1.01   -12.497
 -0.190676   1.02516   1.04274  -10.5364
 -0.167586     1.038   1.05144  -9.17133
 -0.268759    1.0357      1.07  -14.5471
 -0.244793   1.02111   1.05004  -13.4813
 -0.254109   1.05997      1.09  -13.4813
 -0.271046   1.00701   1.04285  -15.0646
 -0.273705   1.00349   1.04015  -15.2565
 -0.272561   1.01542   1.05137  -15.0252
 -0.279909   1.01635   1.05419  -15.3979
 -0.279356   1.01056   1.04846  -15.4528
   -0.2874  0.986139   1.02717  -16.2482
本次迭代后的各节点的PQ（标幺值）为
P0=   2.32699	Q0= -0.310914
P1=     0.183	Q1=-0.0310089
P2=    -0.942	Q2= -0.100014
P3=    -0.478	Q3=     0.039
P4=    -0.076	Q4=    -0.016
P5=    -0.112	Q5=  0.639824
P6=4.44089e-16	Q6=-5.32907e-15
P7=         0	Q7=  0.247279
P8=    -0.295	Q8=    -0.166
P9=     -0.09	Q9=    -0.058
P10=    -0.035	Q10=    -0.018
P11=    -0.061	Q11=    -0.016
P12=    -0.135	Q12=    -0.058
P13=    -0.149	Q13=     -0.05
本次迭代的各节点的实际PL   QL   PG   QG为
PL0=        -0	QL0=        -0
PG0=   232.699	QG0=  -31.0914
PL1=     -21.7	QL1=     -12.7
PG1=      -3.4	QG1=  -15.8009
PL2=     -94.2	QL2=       -19
PG2=    -188.4	QG2=  -29.0014
PL3=     -47.8	QL3=       3.9
PG3=     -95.6	QG3=       7.8
PL4=      -7.6	QL4=      -1.6
PG4=     -15.2	QG4=      -3.2
PL5=     -11.2	QL5=      -7.5
PG5=     -22.4	QG5=   56.4824
PL6=        -0	QL6=        -0
PG6=4.44089e-14	QG6=-5.32907e-13
PL7=        -0	QL7=        -0
PG7=         0	QG7=   24.7279
PL8=     -29.5	QL8=     -16.6
PG8=       -59	QG8=     -33.2
PL9=        -9	QL9=      -5.8
PG9=       -18	QG9=     -11.6
PL10=      -3.5	QL10=      -1.8
PG10=        -7	QG10=      -3.6
PL11=      -6.1	QL11=      -1.6
PG11=     -12.2	QG11=      -3.2
PL12=     -13.5	QL12=      -5.8
PG12=       -27	QG12=     -11.6
PL13=     -14.9	QL13=        -5
PG13=     -29.8	QG13=       -10


第6次迭代
各节点不平衡量为
平衡节点	dp0=0	dq0=0
PV节点	dp1=-2.498e-16	du(2)1=2.22045e-16
PV节点	dp2=-5.55112e-16	du(2)2=0
PQ节点	dp3=-3.33067e-16	dq3=2.07473e-15
PQ节点	dp4=2.91434e-16	dq4=5.34295e-15
PV节点	dp5=-1.88738e-15	du(2)5=0
PQ节点	dp6=-4.44089e-16	dq6=5.32907e-15
PV节点	dp7=0	du(2)7=0
PQ节点	dp8=-2.72005e-15	dq8=3.60822e-16
PQ节点	dp9=3.05311e-16	dq9=2.498e-15
PQ节点	dp10=-3.05311e-16	dq10=-6.42542e-15
PQ节点	dp11=7.21645e-16	dq11=9.02056e-16
PQ节点	dp12=-2.22045e-16	dq12=-1.94289e-15
PQ节点	dp13=2.498e-16	dq13=-1.80411e-16
本次的雅克比矩阵为
1   0   0   0   0   0   0   0   0   0   0   0   0   0   0   0   0   0   0   0   0   0   0   0   0   0   0   0   
0   1   0   0   0   0   0   0   0   0   0   0   0   0   0   0   0   0   0   0   0   0   0   0   0   0   0   0   
0   0   30.6769   12.8046   -4.87683   -1.61053   -5.17514   -2.21417   -5.25508   -2.2369   -0   0   -0   0   -0   0   -0   0   -0   0   -0   0   -0   0   -0   0   -0   0   
0   0   -0.17935   2.08229   0   0   0   0   0   0   0   0   0   0   0   0   0   0   0   0   0   0   0   0   0   0   0   0   
0   0   -4.46719   -2.1643   9.2912   4.3327   -4.56417   -3.06612   -0   0   -0   0   -0   0   -0   0   -0   0   -0   0   -0   0   -0   0   -0   0   -0   0   
0   0   0   0   -0.437106   1.97214   0   0   0   0   0   0   0   0   0   0   0   0   0   0   0   0   0   0   0   0   0   0   
0   0   -4.92305   -2.70392   -4.81766   -3.00244   37.3068   17.623   -20.817   -11.1276   -0   0   -5.01252   -0.932312   -0   0   -1.90218   -0.353799   -0   0   -0   0   -0   0   -0   0   -0   0   
0   0   2.70392   -4.92305   3.00244   -4.81766   -18.538   37.2126   11.1276   -20.817   -0   -0   0.932312   -5.01252   -0   -0   0.353799   -1.90218   -0   -0   -0   -0   -0   -0   -0   -0   -0   -0   
0   0   -5.10619   -2.6362   -0   0   -21.252   -10.7172   34.6776   15.716   -4.41921   -0.713487   -0   0   -0   0   -0   0   -0   0   -0   0   -0   0   -0   0   -0   0   
0   0   2.6362   -5.10619   -0   -0   10.7172   -21.252   -15.8538   34.6245   0.713487   -4.41921   -0   -0   -0   -0   -0   -0   -0   -0   -0   -0   -0   -0   -0   -0   -0   -0   
0   0   -0   0   -0   0   -0   0   -4.40942   -1.14423   16.2604   11.3851   -0   0   -0   0   -0   0   -0   0   -3.71479   -3.12514   -2.87922   -2.43401   -5.48774   -4.84972   -0   0   
0   0   0   0   0   0   0   0   0   0   -0.537517   2.07139   0   0   0   0   0   0   0   0   0   0   0   0   0   0   0   0   
0   0   -0   0   -0   0   -4.99271   -1.19692   -0   0   -0   0   20.1838   4.83872   -5.7968   -1.38968   -9.28194   -2.22519   -0   0   -0   0   -0   0   -0   0   -0   0   
0   0   -0   -0   -0   -0   1.19692   -4.99271   -0   -0   -0   -0   -4.83872   20.1838   1.38968   -5.7968   2.22519   -9.28194   -0   -0   -0   -0   -0   -0   -0   -0   -0   -0   
0   0   -0   0   -0   0   -0   0   -0   0   -0   0   -6.01741   -1.44257   5.7968   1.38968   -0   0   -0   0   -0   0   -0   0   -0   0   -0   0   
0   0   0   0   0   0   0   0   0   0   0   0   0   0   -0.508218   2.11993   0   0   0   0   0   0   0   0   0   0   0   0   
0   0   -0   0   -0   0   -1.86851   -0.502926   -0   0   -0   0   -9.15383   -2.46383   -0   0   23.1628   11.6935   -9.38045   -6.73891   -0   0   -0   0   -0   0   -2.66432   -2.255   
0   0   -0   -0   -0   -0   0.502926   -1.86851   -0   -0   -0   -0   2.46383   -9.15383   -0   -0   -12.157   22.7083   6.73891   -9.38045   -0   -0   -0   -0   -0   -0   2.255   -2.66432   
0   0   -0   0   -0   0   -0   0   -0   0   -0   0   -0   0   -0   0   -9.33353   -6.75272   13.3136   9.77647   -3.90349   -3.09255   -0   0   -0   0   -0   0   
0   0   -0   -0   -0   -0   -0   -0   -0   -0   -0   -0   -0   -0   -0   -0   6.75272   -9.33353   -9.91407   13.1605   3.09255   -3.90349   -0   -0   -0   -0   -0   -0   
0   0   -0   0   -0   0   -0   0   -0   0   -3.62436   -3.10107   -0   0   -0   0   -0   0   -3.9582   -3.10997   7.60772   6.18332   -0   0   -0   0   -0   0   
0   0   -0   -0   -0   -0   -0   -0   -0   -0   3.10107   -3.62436   -0   -0   -0   -0   -0   -0   3.10997   -3.9582   -6.23875   7.55739   -0   -0   -0   -0   -0   -0   
0   0   -0   0   -0   0   -0   0   -0   0   -2.80077   -2.4399   -0   0   -0   0   -0   0   -0   0   -0   0   4.42286   5.54822   -1.5921   -3.16007   -0   0   
0   0   -0   -0   -0   -0   -0   -0   -0   -0   2.4399   -2.80077   -0   -0   -0   -0   -0   -0   -0   -0   -0   -0   -5.65173   4.36287   3.16007   -1.5921   -0   -0   
0   0   -0   0   -0   0   -0   0   -0   0   -5.30148   -4.83648   -0   0   -0   0   -0   0   -0   0   -0   0   -1.58043   -3.1444   8.99132   9.66722   -2.02178   -1.7957   
0   0   -0   -0   -0   -0   -0   -0   -0   -0   4.83648   -5.30148   -0   -0   -0   -0   -0   -0   -0   -0   -0   -0   3.1444   -1.58043   -9.88595   8.81606   1.7957   -2.02178   
0   0   -0   0   -0   0   -0   0   -0   0   -0   0   -0   0   -0   0   -2.57781   -2.27482   -0   0   -0   0   -0   0   -1.9561   -1.78655   4.62123   3.93572   
0   0   -0   -0   -0   -0   -0   -0   -0   -0   -0   -0   -0   -0   -0   -0   2.27482   -2.57781   -0   -0   -0   -0   -0   -0   1.78655   -1.9561   -4.18702   4.44659   
本次迭代后的电压结果为
    虚部    实部    幅值    相角
         0      1.06      1.06         0
-0.0896752   1.04115     1.045  -4.92281
 -0.218553   0.98607      1.01   -12.497
 -0.190676   1.02516   1.04274  -10.5364
 -0.167586     1.038   1.05144  -9.17133
 -0.268759    1.0357      1.07  -14.5471
 -0.244793   1.02111   1.05004  -13.4813
 -0.254109   1.05997      1.09  -13.4813
 -0.271046   1.00701   1.04285  -15.0646
 -0.273705   1.00349   1.04015  -15.2565
 -0.272561   1.01542   1.05137  -15.0252
 -0.279909   1.01635   1.05419  -15.3979
 -0.279356   1.01056   1.04846  -15.4528
   -0.2874  0.986139   1.02717  -16.2482
本次迭代后的各节点的PQ（标幺值）为
P0=   2.32699	Q0= -0.310914
P1=     0.183	Q1=-0.0310089
P2=    -0.942	Q2= -0.100014
P3=    -0.478	Q3=     0.039
P4=    -0.076	Q4=    -0.016
P5=    -0.112	Q5=  0.639824
P6=-4.44089e-16	Q6=7.10543e-15
P7=         0	Q7=  0.247279
P8=    -0.295	Q8=    -0.166
P9=     -0.09	Q9=    -0.058
P10=    -0.035	Q10=    -0.018
P11=    -0.061	Q11=    -0.016
P12=    -0.135	Q12=    -0.058
P13=    -0.149	Q13=     -0.05
本次迭代的各节点的实际PL   QL   PG   QG为
PL0=        -0	QL0=        -0
PG0=   232.699	QG0=  -31.0914
PL1=     -21.7	QL1=     -12.7
PG1=      -3.4	QG1=  -15.8009
PL2=     -94.2	QL2=       -19
PG2=    -188.4	QG2=  -29.0014
PL3=     -47.8	QL3=       3.9
PG3=     -95.6	QG3=       7.8
PL4=      -7.6	QL4=      -1.6
PG4=     -15.2	QG4=      -3.2
PL5=     -11.2	QL5=      -7.5
PG5=     -22.4	QG5=   56.4824
PL6=        -0	QL6=        -0
PG6=-4.44089e-14	QG6=7.10543e-13
PL7=        -0	QL7=        -0
PG7=         0	QG7=   24.7279
PL8=     -29.5	QL8=     -16.6
PG8=       -59	QG8=     -33.2
PL9=        -9	QL9=      -5.8
PG9=       -18	QG9=     -11.6
PL10=      -3.5	QL10=      -1.8
PG10=        -7	QG10=      -3.6
PL11=      -6.1	QL11=      -1.6
PG11=     -12.2	QG11=      -3.2
PL12=     -13.5	QL12=      -5.8
PG12=       -27	QG12=     -11.6
PL13=     -14.9	QL13=        -5
PG13=     -29.8	QG13=       -10


第7次迭代
各节点不平衡量为
平衡节点	dp0=0	dq0=0
PV节点	dp1=1.08247e-15	du(2)1=2.22045e-16
PV节点	dp2=7.77156e-16	du(2)2=0
PQ节点	dp3=-3.16414e-15	dq3=1.4086e-15
PQ节点	dp4=1.6237e-15	dq4=-1.4197e-14
PV节点	dp5=2.10942e-15	du(2)5=0
PQ节点	dp6=4.44089e-16	dq6=-7.10543e-15
PV节点	dp7=0	du(2)7=0
PQ节点	dp8=1.94289e-15	dq8=1.249e-15
PQ节点	dp9=-1.38778e-16	dq9=-2.83107e-15
PQ节点	dp10=1.38778e-16	dq10=4.23273e-15
PQ节点	dp11=-9.4369e-16	dq11=-1.76248e-15
PQ节点	dp12=2.88658e-15	dq12=1.60982e-15
PQ节点	dp13=-1.94289e-16	dq13=1.59595e-15
本次的雅克比矩阵为
1   0   0   0   0   0   0   0   0   0   0   0   0   0   0   0   0   0   0   0   0   0   0   0   0   0   0   0   
0   1   0   0   0   0   0   0   0   0   0   0   0   0   0   0   0   0   0   0   0   0   0   0   0   0   0   0   
0   0   30.6769   12.8046   -4.87683   -1.61053   -5.17514   -2.21417   -5.25508   -2.2369   -0   0   -0   0   -0   0   -0   0   -0   0   -0   0   -0   0   -0   0   -0   0   
0   0   -0.17935   2.08229   0   0   0   0   0   0   0   0   0   0   0   0   0   0   0   0   0   0   0   0   0   0   0   0   
0   0   -4.46719   -2.1643   9.2912   4.3327   -4.56417   -3.06612   -0   0   -0   0   -0   0   -0   0   -0   0   -0   0   -0   0   -0   0   -0   0   -0   0   
0   0   0   0   -0.437106   1.97214   0   0   0   0   0   0   0   0   0   0   0   0   0   0   0   0   0   0   0   0   0   0   
0   0   -4.92305   -2.70392   -4.81766   -3.00244   37.3068   17.623   -20.817   -11.1276   -0   0   -5.01252   -0.932312   -0   0   -1.90218   -0.353799   -0   0   -0   0   -0   0   -0   0   -0   0   
0   0   2.70392   -4.92305   3.00244   -4.81766   -18.538   37.2126   11.1276   -20.817   -0   -0   0.932312   -5.01252   -0   -0   0.353799   -1.90218   -0   -0   -0   -0   -0   -0   -0   -0   -0   -0   
0   0   -5.10619   -2.6362   -0   0   -21.252   -10.7172   34.6776   15.716   -4.41921   -0.713487   -0   0   -0   0   -0   0   -0   0   -0   0   -0   0   -0   0   -0   0   
0   0   2.6362   -5.10619   -0   -0   10.7172   -21.252   -15.8538   34.6245   0.713487   -4.41921   -0   -0   -0   -0   -0   -0   -0   -0   -0   -0   -0   -0   -0   -0   -0   -0   
0   0   -0   0   -0   0   -0   0   -4.40942   -1.14423   16.2604   11.3851   -0   0   -0   0   -0   0   -0   0   -3.71479   -3.12514   -2.87922   -2.43401   -5.48774   -4.84972   -0   0   
0   0   0   0   0   0   0   0   0   0   -0.537517   2.07139   0   0   0   0   0   0   0   0   0   0   0   0   0   0   0   0   
0   0   -0   0   -0   0   -4.99271   -1.19692   -0   0   -0   0   20.1838   4.83872   -5.7968   -1.38968   -9.28194   -2.22519   -0   0   -0   0   -0   0   -0   0   -0   0   
0   0   -0   -0   -0   -0   1.19692   -4.99271   -0   -0   -0   -0   -4.83872   20.1838   1.38968   -5.7968   2.22519   -9.28194   -0   -0   -0   -0   -0   -0   -0   -0   -0   -0   
0   0   -0   0   -0   0   -0   0   -0   0   -0   0   -6.01741   -1.44257   5.7968   1.38968   -0   0   -0   0   -0   0   -0   0   -0   0   -0   0   
0   0   0   0   0   0   0   0   0   0   0   0   0   0   -0.508218   2.11993   0   0   0   0   0   0   0   0   0   0   0   0   
0   0   -0   0   -0   0   -1.86851   -0.502926   -0   0   -0   0   -9.15383   -2.46383   -0   0   23.1628   11.6935   -9.38045   -6.73891   -0   0   -0   0   -0   0   -2.66432   -2.255   
0   0   -0   -0   -0   -0   0.502926   -1.86851   -0   -0   -0   -0   2.46383   -9.15383   -0   -0   -12.157   22.7083   6.73891   -9.38045   -0   -0   -0   -0   -0   -0   2.255   -2.66432   
0   0   -0   0   -0   0   -0   0   -0   0   -0   0   -0   0   -0   0   -9.33353   -6.75272   13.3136   9.77647   -3.90349   -3.09255   -0   0   -0   0   -0   0   
0   0   -0   -0   -0   -0   -0   -0   -0   -0   -0   -0   -0   -0   -0   -0   6.75272   -9.33353   -9.91407   13.1605   3.09255   -3.90349   -0   -0   -0   -0   -0   -0   
0   0   -0   0   -0   0   -0   0   -0   0   -3.62436   -3.10107   -0   0   -0   0   -0   0   -3.9582   -3.10997   7.60772   6.18332   -0   0   -0   0   -0   0   
0   0   -0   -0   -0   -0   -0   -0   -0   -0   3.10107   -3.62436   -0   -0   -0   -0   -0   -0   3.10997   -3.9582   -6.23875   7.55739   -0   -0   -0   -0   -0   -0   
0   0   -0   0   -0   0   -0   0   -0   0   -2.80077   -2.4399   -0   0   -0   0   -0   0   -0   0   -0   0   4.42286   5.54822   -1.5921   -3.16007   -0   0   
0   0   -0   -0   -0   -0   -0   -0   -0   -0   2.4399   -2.80077   -0   -0   -0   -0   -0   -0   -0   -0   -0   -0   -5.65173   4.36287   3.16007   -1.5921   -0   -0   
0   0   -0   0   -0   0   -0   0   -0   0   -5.30148   -4.83648   -0   0   -0   0   -0   0   -0   0   -0   0   -1.58043   -3.1444   8.99132   9.66722   -2.02178   -1.7957   
0   0   -0   -0   -0   -0   -0   -0   -0   -0   4.83648   -5.30148   -0   -0   -0   -0   -0   -0   -0   -0   -0   -0   3.1444   -1.58043   -9.88595   8.81606   1.7957   -2.02178   
0   0   -0   0   -0   0   -0   0   -0   0   -0   0   -0   0   -0   0   -2.57781   -2.27482   -0   0   -0   0   -0   0   -1.9561   -1.78655   4.62123   3.93572   
0   0   -0   -0   -0   -0   -0   -0   -0   -0   -0   -0   -0   -0   -0   -0   2.27482   -2.57781   -0   -0   -0   -0   -0   -0   1.78655   -1.9561   -4.18702   4.44659   
本次迭代后的电压结果为
    虚部    实部    幅值    相角
         0      1.06      1.06         0
-0.0896752   1.04115     1.045  -4.92281
 -0.218553   0.98607      1.01   -12.497
 -0.190676   1.02516   1.04274  -10.5364
 -0.167586     1.038   1.05144  -9.17133
 -0.268759    1.0357      1.07  -14.5471
 -0.244793   1.02111   1.05004  -13.4813
 -0.254109   1.05997      1.09  -13.4813
 -0.271046   1.00701   1.04285  -15.0646
 -0.273705   1.00349   1.04015  -15.2565
 -0.272561   1.01542   1.05137  -15.0252
 -0.279909   1.01635   1.05419  -15.3979
 -0.279356   1.01056   1.04846  -15.4528
   -0.2874  0.986139   1.02717  -16.2482
本次迭代后的各节点的PQ（标幺值）为
P0=   2.32699	Q0= -0.310914
P1=     0.183	Q1=-0.0310089
P2=    -0.942	Q2= -0.100014
P3=    -0.478	Q3=     0.039
P4=    -0.076	Q4=    -0.016
P5=    -0.112	Q5=  0.639824
P6=4.44089e-16	Q6=         0
P7=         0	Q7=  0.247279
P8=    -0.295	Q8=    -0.166
P9=     -0.09	Q9=    -0.058
P10=    -0.035	Q10=    -0.018
P11=    -0.061	Q11=    -0.016
P12=    -0.135	Q12=    -0.058
P13=    -0.149	Q13=     -0.05
本次迭代的各节点的实际PL   QL   PG   QG为
PL0=        -0	QL0=        -0
PG0=   232.699	QG0=  -31.0914
PL1=     -21.7	QL1=     -12.7
PG1=      -3.4	QG1=  -15.8009
PL2=     -94.2	QL2=       -19
PG2=    -188.4	QG2=  -29.0014
PL3=     -47.8	QL3=       3.9
PG3=     -95.6	QG3=       7.8
PL4=      -7.6	QL4=      -1.6
PG4=     -15.2	QG4=      -3.2
PL5=     -11.2	QL5=      -7.5
PG5=     -22.4	QG5=   56.4824
PL6=        -0	QL6=        -0
PG6=4.44089e-14	QG6=         0
PL7=        -0	QL7=        -0
PG7=         0	QG7=   24.7279
PL8=     -29.5	QL8=     -16.6
PG8=       -59	QG8=     -33.2
PL9=        -9	QL9=      -5.8
PG9=       -18	QG9=     -11.6
PL10=      -3.5	QL10=      -1.8
PG10=        -7	QG10=      -3.6
PL11=      -6.1	QL11=      -1.6
PG11=     -12.2	QG11=      -3.2
PL12=     -13.5	QL12=      -5.8
PG12=       -27	QG12=     -11.6
PL13=     -14.9	QL13=        -5
PG13=     -29.8	QG13=       -10


第8次迭代
各节点不平衡量为
平衡节点	dp0=0	dq0=0
PV节点	dp1=-1.249e-15	du(2)1=-4.44089e-16
PV节点	dp2=-7.77156e-16	du(2)2=0
PQ节点	dp3=4.996e-16	dq3=-8.58341e-15
PQ节点	dp4=9.57567e-16	dq4=4.45477e-15
PV节点	dp5=3.33067e-16	du(2)5=2.22045e-16
PQ节点	dp6=-4.44089e-16	dq6=0
PV节点	dp7=0	du(2)7=0
PQ节点	dp8=3.88578e-16	dq8=1.249e-15
PQ节点	dp9=-1.91513e-15	dq9=-1.66533e-16
PQ节点	dp10=-7.49401e-16	dq10=-2.8727e-15
PQ节点	dp11=-5.55112e-17	dq11=9.02056e-16
PQ节点	dp12=-1.88738e-15	dq12=-6.10623e-16
PQ节点	dp13=-1.94289e-16	dq13=-1.06859e-15
本次的雅克比矩阵为
1   0   0   0   0   0   0   0   0   0   0   0   0   0   0   0   0   0   0   0   0   0   0   0   0   0   0   0   
0   1   0   0   0   0   0   0   0   0   0   0   0   0   0   0   0   0   0   0   0   0   0   0   0   0   0   0   
0   0   30.6769   12.8046   -4.87683   -1.61053   -5.17514   -2.21417   -5.25508   -2.2369   -0   0   -0   0   -0   0   -0   0   -0   0   -0   0   -0   0   -0   0   -0   0   
0   0   -0.17935   2.08229   0   0   0   0   0   0   0   0   0   0   0   0   0   0   0   0   0   0   0   0   0   0   0   0   
0   0   -4.46719   -2.1643   9.2912   4.3327   -4.56417   -3.06612   -0   0   -0   0   -0   0   -0   0   -0   0   -0   0   -0   0   -0   0   -0   0   -0   0   
0   0   0   0   -0.437106   1.97214   0   0   0   0   0   0   0   0   0   0   0   0   0   0   0   0   0   0   0   0   0   0   
0   0   -4.92305   -2.70392   -4.81766   -3.00244   37.3068   17.623   -20.817   -11.1276   -0   0   -5.01252   -0.932312   -0   0   -1.90218   -0.353799   -0   0   -0   0   -0   0   -0   0   -0   0   
0   0   2.70392   -4.92305   3.00244   -4.81766   -18.538   37.2126   11.1276   -20.817   -0   -0   0.932312   -5.01252   -0   -0   0.353799   -1.90218   -0   -0   -0   -0   -0   -0   -0   -0   -0   -0   
0   0   -5.10619   -2.6362   -0   0   -21.252   -10.7172   34.6776   15.716   -4.41921   -0.713487   -0   0   -0   0   -0   0   -0   0   -0   0   -0   0   -0   0   -0   0   
0   0   2.6362   -5.10619   -0   -0   10.7172   -21.252   -15.8538   34.6245   0.713487   -4.41921   -0   -0   -0   -0   -0   -0   -0   -0   -0   -0   -0   -0   -0   -0   -0   -0   
0   0   -0   0   -0   0   -0   0   -4.40942   -1.14423   16.2604   11.3851   -0   0   -0   0   -0   0   -0   0   -3.71479   -3.12514   -2.87922   -2.43401   -5.48774   -4.84972   -0   0   
0   0   0   0   0   0   0   0   0   0   -0.537517   2.07139   0   0   0   0   0   0   0   0   0   0   0   0   0   0   0   0   
0   0   -0   0   -0   0   -4.99271   -1.19692   -0   0   -0   0   20.1838   4.83872   -5.7968   -1.38968   -9.28194   -2.22519   -0   0   -0   0   -0   0   -0   0   -0   0   
0   0   -0   -0   -0   -0   1.19692   -4.99271   -0   -0   -0   -0   -4.83872   20.1838   1.38968   -5.7968   2.22519   -9.28194   -0   -0   -0   -0   -0   -0   -0   -0   -0   -0   
0   0   -0   0   -0   0   -0   0   -0   0   -0   0   -6.01741   -1.44257   5.7968   1.38968   -0   0   -0   0   -0   0   -0   0   -0   0   -0   0   
0   0   0   0   0   0   0   0   0   0   0   0   0   0   -0.508218   2.11993   0   0   0   0   0   0   0   0   0   0   0   0   
0   0   -0   0   -0   0   -1.86851   -0.502926   -0   0   -0   0   -9.15383   -2.46383   -0   0   23.1628   11.6935   -9.38045   -6.73891   -0   0   -0   0   -0   0   -2.66432   -2.255   
0   0   -0   -0   -0   -0   0.502926   -1.86851   -0   -0   -0   -0   2.46383   -9.15383   -0   -0   -12.157   22.7083   6.73891   -9.38045   -0   -0   -0   -0   -0   -0   2.255   -2.66432   
0   0   -0   0   -0   0   -0   0   -0   0   -0   0   -0   0   -0   0   -9.33353   -6.75272   13.3136   9.77647   -3.90349   -3.09255   -0   0   -0   0   -0   0   
0   0   -0   -0   -0   -0   -0   -0   -0   -0   -0   -0   -0   -0   -0   -0   6.75272   -9.33353   -9.91407   13.1605   3.09255   -3.90349   -0   -0   -0   -0   -0   -0   
0   0   -0   0   -0   0   -0   0   -0   0   -3.62436   -3.10107   -0   0   -0   0   -0   0   -3.9582   -3.10997   7.60772   6.18332   -0   0   -0   0   -0   0   
0   0   -0   -0   -0   -0   -0   -0   -0   -0   3.10107   -3.62436   -0   -0   -0   -0   -0   -0   3.10997   -3.9582   -6.23875   7.55739   -0   -0   -0   -0   -0   -0   
0   0   -0   0   -0   0   -0   0   -0   0   -2.80077   -2.4399   -0   0   -0   0   -0   0   -0   0   -0   0   4.42286   5.54822   -1.5921   -3.16007   -0   0   
0   0   -0   -0   -0   -0   -0   -0   -0   -0   2.4399   -2.80077   -0   -0   -0   -0   -0   -0   -0   -0   -0   -0   -5.65173   4.36287   3.16007   -1.5921   -0   -0   
0   0   -0   0   -0   0   -0   0   -0   0   -5.30148   -4.83648   -0   0   -0   0   -0   0   -0   0   -0   0   -1.58043   -3.1444   8.99132   9.66722   -2.02178   -1.7957   
0   0   -0   -0   -0   -0   -0   -0   -0   -0   4.83648   -5.30148   -0   -0   -0   -0   -0   -0   -0   -0   -0   -0   3.1444   -1.58043   -9.88595   8.81606   1.7957   -2.02178   
0   0   -0   0   -0   0   -0   0   -0   0   -0   0   -0   0   -0   0   -2.57781   -2.27482   -0   0   -0   0   -0   0   -1.9561   -1.78655   4.62123   3.93572   
0   0   -0   -0   -0   -0   -0   -0   -0   -0   -0   -0   -0   -0   -0   -0   2.27482   -2.57781   -0   -0   -0   -0   -0   -0   1.78655   -1.9561   -4.18702   4.44659   
本次迭代后的电压结果为
    虚部    实部    幅值    相角
         0      1.06      1.06         0
-0.0896752   1.04115     1.045  -4.92281
 -0.218553   0.98607      1.01   -12.497
 -0.190676   1.02516   1.04274  -10.5364
 -0.167586     1.038   1.05144  -9.17133
 -0.268759    1.0357      1.07  -14.5471
 -0.244793   1.02111   1.05004  -13.4813
 -0.254109   1.05997      1.09  -13.4813
 -0.271046   1.00701   1.04285  -15.0646
 -0.273705   1.00349   1.04015  -15.2565
 -0.272561   1.01542   1.05137  -15.0252
 -0.279909   1.01635   1.05419  -15.3979
 -0.279356   1.01056   1.04846  -15.4528
   -0.2874  0.986139   1.02717  -16.2482
本次迭代后的各节点的PQ（标幺值）为
P0=   2.32699	Q0= -0.310914
P1=     0.183	Q1=-0.0310089
P2=    -0.942	Q2= -0.100014
P3=    -0.478	Q3=     0.039
P4=    -0.076	Q4=    -0.016
P5=    -0.112	Q5=  0.639824
P6=-4.44089e-16	Q6=1.77636e-15
P7=2.22045e-16	Q7=  0.247279
P8=    -0.295	Q8=    -0.166
P9=     -0.09	Q9=    -0.058
P10=    -0.035	Q10=    -0.018
P11=    -0.061	Q11=    -0.016
P12=    -0.135	Q12=    -0.058
P13=    -0.149	Q13=     -0.05
本次迭代的各节点的实际PL   QL   PG   QG为
PL0=        -0	QL0=        -0
PG0=   232.699	QG0=  -31.0914
PL1=     -21.7	QL1=     -12.7
PG1=      -3.4	QG1=  -15.8009
PL2=     -94.2	QL2=       -19
PG2=    -188.4	QG2=  -29.0014
PL3=     -47.8	QL3=       3.9
PG3=     -95.6	QG3=       7.8
PL4=      -7.6	QL4=      -1.6
PG4=     -15.2	QG4=      -3.2
PL5=     -11.2	QL5=      -7.5
PG5=     -22.4	QG5=   56.4824
PL6=        -0	QL6=        -0
PG6=-4.44089e-14	QG6=1.77636e-13
PL7=        -0	QL7=        -0
PG7=2.22045e-14	QG7=   24.7279
PL8=     -29.5	QL8=     -16.6
PG8=       -59	QG8=     -33.2
PL9=        -9	QL9=      -5.8
PG9=       -18	QG9=     -11.6
PL10=      -3.5	QL10=      -1.8
PG10=        -7	QG10=      -3.6
PL11=      -6.1	QL11=      -1.6
PG11=     -12.2	QG11=      -3.2
PL12=     -13.5	QL12=      -5.8
PG12=       -27	QG12=     -11.6
PL13=     -14.9	QL13=        -5
PG13=     -29.8	QG13=       -10


第9次迭代
各节点不平衡量为
平衡节点	dp0=0	dq0=0
PV节点	dp1=5.27356e-16	du(2)1=2.22045e-16
PV节点	dp2=1.11022e-16	du(2)2=0
PQ节点	dp3=1.38778e-15	dq3=1.22888e-14
PQ节点	dp4=-5.96745e-16	dq4=3.56659e-15
PV节点	dp5=1.11022e-16	du(2)5=2.22045e-16
PQ节点	dp6=4.44089e-16	dq6=-1.77636e-15
PV节点	dp7=-2.22045e-16	du(2)7=0
PQ节点	dp8=-1.16573e-15	dq8=-4.52416e-15
PQ节点	dp9=2.30371e-15	dq9=4.27436e-15
PQ节点	dp10=5.82867e-16	dq10=6.80012e-16
PQ节点	dp11=-9.4369e-16	dq11=-4.30211e-16
PQ节点	dp12=1.55431e-15	dq12=1.16573e-15
PQ节点	dp13=-1.94289e-16	dq13=-1.06859e-15
本次的雅克比矩阵为
1   0   0   0   0   0   0   0   0   0   0   0   0   0   0   0   0   0   0   0   0   0   0   0   0   0   0   0   
0   1   0   0   0   0   0   0   0   0   0   0   0   0   0   0   0   0   0   0   0   0   0   0   0   0   0   0   
0   0   30.6769   12.8046   -4.87683   -1.61053   -5.17514   -2.21417   -5.25508   -2.2369   -0   0   -0   0   -0   0   -0   0   -0   0   -0   0   -0   0   -0   0   -0   0   
0   0   -0.17935   2.08229   0   0   0   0   0   0   0   0   0   0   0   0   0   0   0   0   0   0   0   0   0   0   0   0   
0   0   -4.46719   -2.1643   9.2912   4.3327   -4.56417   -3.06612   -0   0   -0   0   -0   0   -0   0   -0   0   -0   0   -0   0   -0   0   -0   0   -0   0   
0   0   0   0   -0.437106   1.97214   0   0   0   0   0   0   0   0   0   0   0   0   0   0   0   0   0   0   0   0   0   0   
0   0   -4.92305   -2.70392   -4.81766   -3.00244   37.3068   17.623   -20.817   -11.1276   -0   0   -5.01252   -0.932312   -0   0   -1.90218   -0.353799   -0   0   -0   0   -0   0   -0   0   -0   0   
0   0   2.70392   -4.92305   3.00244   -4.81766   -18.538   37.2126   11.1276   -20.817   -0   -0   0.932312   -5.01252   -0   -0   0.353799   -1.90218   -0   -0   -0   -0   -0   -0   -0   -0   -0   -0   
0   0   -5.10619   -2.6362   -0   0   -21.252   -10.7172   34.6776   15.716   -4.41921   -0.713487   -0   0   -0   0   -0   0   -0   0   -0   0   -0   0   -0   0   -0   0   
0   0   2.6362   -5.10619   -0   -0   10.7172   -21.252   -15.8538   34.6245   0.713487   -4.41921   -0   -0   -0   -0   -0   -0   -0   -0   -0   -0   -0   -0   -0   -0   -0   -0   
0   0   -0   0   -0   0   -0   0   -4.40942   -1.14423   16.2604   11.3851   -0   0   -0   0   -0   0   -0   0   -3.71479   -3.12514   -2.87922   -2.43401   -5.48774   -4.84972   -0   0   
0   0   0   0   0   0   0   0   0   0   -0.537517   2.07139   0   0   0   0   0   0   0   0   0   0   0   0   0   0   0   0   
0   0   -0   0   -0   0   -4.99271   -1.19692   -0   0   -0   0   20.1838   4.83872   -5.7968   -1.38968   -9.28194   -2.22519   -0   0   -0   0   -0   0   -0   0   -0   0   
0   0   -0   -0   -0   -0   1.19692   -4.99271   -0   -0   -0   -0   -4.83872   20.1838   1.38968   -5.7968   2.22519   -9.28194   -0   -0   -0   -0   -0   -0   -0   -0   -0   -0   
0   0   -0   0   -0   0   -0   0   -0   0   -0   0   -6.01741   -1.44257   5.7968   1.38968   -0   0   -0   0   -0   0   -0   0   -0   0   -0   0   
0   0   0   0   0   0   0   0   0   0   0   0   0   0   -0.508218   2.11993   0   0   0   0   0   0   0   0   0   0   0   0   
0   0   -0   0   -0   0   -1.86851   -0.502926   -0   0   -0   0   -9.15383   -2.46383   -0   0   23.1628   11.6935   -9.38045   -6.73891   -0   0   -0   0   -0   0   -2.66432   -2.255   
0   0   -0   -0   -0   -0   0.502926   -1.86851   -0   -0   -0   -0   2.46383   -9.15383   -0   -0   -12.157   22.7083   6.73891   -9.38045   -0   -0   -0   -0   -0   -0   2.255   -2.66432   
0   0   -0   0   -0   0   -0   0   -0   0   -0   0   -0   0   -0   0   -9.33353   -6.75272   13.3136   9.77647   -3.90349   -3.09255   -0   0   -0   0   -0   0   
0   0   -0   -0   -0   -0   -0   -0   -0   -0   -0   -0   -0   -0   -0   -0   6.75272   -9.33353   -9.91407   13.1605   3.09255   -3.90349   -0   -0   -0   -0   -0   -0   
0   0   -0   0   -0   0   -0   0   -0   0   -3.62436   -3.10107   -0   0   -0   0   -0   0   -3.9582   -3.10997   7.60772   6.18332   -0   0   -0   0   -0   0   
0   0   -0   -0   -0   -0   -0   -0   -0   -0   3.10107   -3.62436   -0   -0   -0   -0   -0   -0   3.10997   -3.9582   -6.23875   7.55739   -0   -0   -0   -0   -0   -0   
0   0   -0   0   -0   0   -0   0   -0   0   -2.80077   -2.4399   -0   0   -0   0   -0   0   -0   0   -0   0   4.42286   5.54822   -1.5921   -3.16007   -0   0   
0   0   -0   -0   -0   -0   -0   -0   -0   -0   2.4399   -2.80077   -0   -0   -0   -0   -0   -0   -0   -0   -0   -0   -5.65173   4.36287   3.16007   -1.5921   -0   -0   
0   0   -0   0   -0   0   -0   0   -0   0   -5.30148   -4.83648   -0   0   -0   0   -0   0   -0   0   -0   0   -1.58043   -3.1444   8.99132   9.66722   -2.02178   -1.7957   
0   0   -0   -0   -0   -0   -0   -0   -0   -0   4.83648   -5.30148   -0   -0   -0   -0   -0   -0   -0   -0   -0   -0   3.1444   -1.58043   -9.88595   8.81606   1.7957   -2.02178   
0   0   -0   0   -0   0   -0   0   -0   0   -0   0   -0   0   -0   0   -2.57781   -2.27482   -0   0   -0   0   -0   0   -1.9561   -1.78655   4.62123   3.93572   
0   0   -0   -0   -0   -0   -0   -0   -0   -0   -0   -0   -0   -0   -0   -0   2.27482   -2.57781   -0   -0   -0   -0   -0   -0   1.78655   -1.9561   -4.18702   4.44659   
本次迭代后的电压结果为
    虚部    实部    幅值    相角
         0      1.06      1.06         0
-0.0896752   1.04115     1.045  -4.92281
 -0.218553   0.98607      1.01   -12.497
 -0.190676   1.02516   1.04274  -10.5364
 -0.167586     1.038   1.05144  -9.17133
 -0.268759    1.0357      1.07  -14.5471
 -0.244793   1.02111   1.05004  -13.4813
 -0.254109   1.05997      1.09  -13.4813
 -0.271046   1.00701   1.04285  -15.0646
 -0.273705   1.00349   1.04015  -15.2565
 -0.272561   1.01542   1.05137  -15.0252
 -0.279909   1.01635   1.05419  -15.3979
 -0.279356   1.01056   1.04846  -15.4528
   -0.2874  0.986139   1.02717  -16.2482
本次迭代后的各节点的PQ（标幺值）为
P0=   2.32699	Q0= -0.310914
P1=     0.183	Q1=-0.0310089
P2=    -0.942	Q2= -0.100014
P3=    -0.478	Q3=     0.039
P4=    -0.076	Q4=    -0.016
P5=    -0.112	Q5=  0.639824
P6=         0	Q6=-7.10543e-15
P7=-4.44089e-16	Q7=  0.247279
P8=    -0.295	Q8=    -0.166
P9=     -0.09	Q9=    -0.058
P10=    -0.035	Q10=    -0.018
P11=    -0.061	Q11=    -0.016
P12=    -0.135	Q12=    -0.058
P13=    -0.149	Q13=     -0.05
本次迭代的各节点的实际PL   QL   PG   QG为
PL0=        -0	QL0=        -0
PG0=   232.699	QG0=  -31.0914
PL1=     -21.7	QL1=     -12.7
PG1=      -3.4	QG1=  -15.8009
PL2=     -94.2	QL2=       -19
PG2=    -188.4	QG2=  -29.0014
PL3=     -47.8	QL3=       3.9
PG3=     -95.6	QG3=       7.8
PL4=      -7.6	QL4=      -1.6
PG4=     -15.2	QG4=      -3.2
PL5=     -11.2	QL5=      -7.5
PG5=     -22.4	QG5=   56.4824
PL6=        -0	QL6=        -0
PG6=         0	QG6=-7.10543e-13
PL7=        -0	QL7=        -0
PG7=-4.44089e-14	QG7=   24.7279
PL8=     -29.5	QL8=     -16.6
PG8=       -59	QG8=     -33.2
PL9=        -9	QL9=      -5.8
PG9=       -18	QG9=     -11.6
PL10=      -3.5	QL10=      -1.8
PG10=        -7	QG10=      -3.6
PL11=      -6.1	QL11=      -1.6
PG11=     -12.2	QG11=      -3.2
PL12=     -13.5	QL12=      -5.8
PG12=       -27	QG12=     -11.6
PL13=     -14.9	QL13=        -5
PG13=     -29.8	QG13=       -10
各支路网损为
节点1节点2网损
    5    6(-1.11022e-16,-0.0847155)
    4    7(0,0.00502926)
    4    9(0,-0.143752)
    1    2(-0.0419784,-0.2772)
    2    3(-0.0222948,-0.225647)
    2    4(-0.0176304,-0.00719221)
    1    5(-0.029309,0.112048)
    2    5(-0.0103429,0.167033)
    3    4(-0.0045775,0.0863619)
    4    5(-0.00477494,0.413313)
    7    8(-6.93889e-18,-0.12767)
    7    9(0,-0.395863)
    9   10(-7.60724e-05,-0.269391)
    6   11(-0.000831808,-0.333198)
    6   12(-0.000760791,-0.333039)
    6   13(-0.00230651,-0.335998)
    9   14(-0.00100128,-0.271318)
   10   11(-0.000270437,-0.000633064)
   12   13(-8.43362e-05,-7.63041e-05)
   13   14(-0.000751523,-0.00153013)
总网损为	(-0.136991,-2.02344)
